pair cog distance kmc [A], pair cog distance kmc [A], pair nad distance [A], pair nad distance [A], Vc (QP) [eV], d-m corr [eV], total Vc [eV]
11.611255801181033,11.611255801181033,4.008410532867085,4.008410532867085,-0.7035935500134656,0.27517965898512176,-0.4284138910283438
11.074727228120654,11.074727228120654,2.951038291855938,2.951038291855938,-0.7164941999835719,0.2760132372513531,-0.44048096273221876
21.48603095980813,21.48603095980813,12.522786630778294,12.522786630778294,-0.5081666000478435,0.2563016023061851,-0.25186499774165844
9.129670106336379,9.129670106336379,2.149865344620445,2.149865344620445,-0.9236506000161171,0.2788307139769698,-0.6448198860391473
8.115521915666925,8.115521915666925,1.8784262029688583,1.8784262029688583,-0.9622307499739691,0.28010413533374673,-0.6821266146402223
29.545500596230177,29.545500596230177,15.466652320395644,15.466652320395644,-0.4991907499752415,0.2373054800416788,-0.26188526993356265
14.56953177759961,14.56953177759961,5.359781805260371,5.359781805260371,-0.6181325500183448,0.27019329874712805,-0.3479392512712167
17.145205050829684,17.145205050829684,4.40944497641143,4.40944497641143,-0.6531962998924428,0.2653304441976901,-0.3878658556947527
13.871735302249968,13.871735302249968,5.0623067864363955,5.0623067864363955,-0.5897075499051425,0.27142796878311426,-0.31827958112202825
20.25769429568392,20.25769429568392,8.653995204528368,8.653995204528368,-0.565077650033345,0.25895964987168807,-0.3061180001616569
12.030775468983096,12.030775468983096,2.970635790533734,2.970635790533734,-0.7005118500674143,0.27451433138519843,-0.4259975186822159
8.6140484425141,8.6140484425141,2.180468986250422,2.180468986250422,-0.8442105000067386,0.27947410834152175,-0.5647363916652168
19.0096226296356,19.0096226296356,8.558694818720895,8.558694818720895,-0.5662936500193609,0.2615836788108845,-0.3047099712084764
15.203521691283663,15.203521691283663,6.504221552192097,6.504221552192097,-0.632401349968859,0.2690470377044502,-0.3633543122644088
26.45280868336013,26.45280868336013,18.67534636894321,18.67534636894321,-0.45746905001215055,0.24492428044399683,-0.2125447695681537
8.384772725503103,8.384772725503103,2.1752887164696095,2.1752887164696095,-0.8675874000036856,0.2797693003082054,-0.5878180996954803
9.489676930825176,9.489676930825176,1.9053456379355438,1.9053456379355438,-0.8699837499698333,0.27834192638887284,-0.5916418235809604
10.130825947210496,10.130825947210496,2.0782165430965085,2.0782165430965085,-0.8840574499809009,0.27743604623081936,-0.6066214037500814
8.590902060063799,8.590902060063799,2.082714334708434,2.082714334708434,-0.8766516500800208,0.2795402847382963,-0.5971113653417245
10.726606874222611,10.726606874222611,2.6933974827343983,2.6933974827343983,-0.763477350003086,0.27655537294531385,-0.4869219770577722
9.36270952630723,9.36270952630723,1.9298284897886664,1.9298284897886664,-0.899852800041117,0.27851594093909515,-0.6213368591020219
9.972093150279415,9.972093150279415,2.605663255296055,2.605663255296055,-0.7943910500398488,0.2776643721265325,-0.5167266779133163
12.813674154433901,12.813674154433901,1.9556413270331492,1.9556413270331492,-0.7464027500136581,0.27323464955139426,-0.4731681004622638
8.750197435401489,8.750197435401489,2.59028762881653,2.59028762881653,-0.9285607500059996,0.2793652938522044,-0.6491954561537951
22.2769920090018,22.2769920090018,13.240438701191115,13.240438701191115,-0.5299127000580484,0.25455369294937424,-0.2753590071086741
24.711360681192705,24.711360681192705,10.81741683582546,10.81741683582546,-0.4757634499219421,0.24900457532216097,-0.2267588745997811
11.509748880338432,11.509748880338432,2.9535060521353236,2.9535060521353236,-0.807602599994425,0.2753375433656371,-0.5322650566287879
16.402477030716476,16.402477030716476,8.993931009297327,8.993931009297327,-0.6005318499592249,0.26678418139593985,-0.3337476685632851
13.419614764119762,13.419614764119762,6.344501320040844,6.344501320040844,-0.6602857999569096,0.2722057213920576,-0.388080078564852
15.725790809812564,15.725790809812564,4.938084041407144,4.938084041407144,-0.6511386499878427,0.26806051668267095,-0.3830781333051717
