pair distance kmc [A],coulomb binding energy [eV]
0.9353250861167908,-0.6493914127349854
0.935325026512146,-0.6180431246757507
0.9353238940238953,-0.56231290102005
0.9353033900260925,-0.6633239388465881
0.9353033900260925,-0.6058521270751953
0.9353022575378418,-0.6006274223327637
0.9353052973747253,-0.604110598564148
0.9353052973747253,-0.6145600080490112
0.9353041648864746,-0.6389420032501221
0.9975886344909668,-0.5645394921302795
0.9975886344909668,-0.533054530620575
0.9975630044937134,-0.5315552949905396
0.9975411295890808,-0.5675380825996399
0.9975411295890808,-0.5735352039337158
0.9975154995918274,-0.540550947189331
0.9975448250770569,-0.6365050673484802
0.9975448250770569,-0.641002893447876
0.9975191950798035,-0.5300559997558594
1.1658086776733398,-0.49048471450805664
1.005648136138916,-0.5045682191848755
1.1390666961669922,-0.42373862862586975
0.7098172903060913,-0.6331344842910767
0.6371101140975952,-0.7346217632293701
1.1658087968826294,-0.49407321214675903
1.005648136138916,-0.6425021886825562
1.1390666961669922,-0.4251740276813507
0.7098172903060913,-0.6694428324699402
0.6371099948883057,-0.7346217632293701
1.1657975912094116,-0.4258917272090912
1.0056480169296265,-0.49407321214675903
1.1390742063522339,-0.4883316159248352
0.7098314762115479,-0.745360255241394
0.6371046304702759,-0.705053985118866
1.1658087968826294,-0.4919201135635376
1.0056480169296265,-0.5765337347984314
1.1390665769577026,-0.4251740276813507
0.70981764793396,-0.7800182104110718
0.6371101140975952,-0.7065324187278748
1.165808916091919,-0.4854608178138733
1.0056480169296265,-0.527057409286499
1.1390665769577026,-0.48976701498031616
0.70981764793396,-0.7420595288276672
0.6371099352836609,-0.703575611114502
1.1657977104187012,-0.49407321214675903
1.0056480169296265,-0.5090660452842712
1.1390740871429443,-0.42445632815361023
0.7098317742347717,-0.7717663049697876
0.6371045708656311,-0.7346217632293701
1.1657886505126953,-0.4919201135635376
1.0056225061416626,-0.5645394921302795
1.1390745639801025,-0.42445632815361023
0.7097612619400024,-0.6232321858406067
0.6371180415153503,-0.7656678557395935
1.1657886505126953,-0.42373862862586975
1.0056225061416626,-0.5420502424240112
1.1390745639801025,-0.49048471450805664
0.7097612619400024,-0.7354579567909241
0.6371179223060608,-0.7168810963630676
1.165777564048767,-0.4926378130912781
1.005622386932373,-0.5675380825996399
1.1390820741653442,-0.4251740276813507
0.709775447845459,-0.694198489189148
0.6371124982833862,-0.7006188631057739
1.1068998575210571,-0.42732712626457214
1.1906821727752686,-0.4488581120967865
1.1068998575210571,-0.49407321214675903
1.1069234609603882,-0.4258917272090912
1.1069294214248657,-0.48976701498031616
1.1069294214248657,-0.49407321214675903
1.1069529056549072,-0.4912024140357971
1.1069295406341553,-0.4919201135635376
1.1069295406341553,-0.49407321214675903
1.1069530248641968,-0.49407321214675903
0.8394724726676941,-0.682485044002533
0.8394725322723389,-0.7221584916114807
0.8394740223884583,-0.5386689305305481
0.8394725918769836,-0.7072809338569641
0.8394725918769836,-0.6924034357070923
0.839474081993103,-0.6700870990753174
0.8394588828086853,-0.5386689305305481
0.8394588828086853,-0.729597270488739
0.8394603729248047,-0.724638044834137
0.9096994400024414,-0.6424251198768616
0.9096994400024414,-0.5466387271881104
0.9097161889076233,-0.604110598564148
0.9096990823745728,-0.705121636390686
0.9096990823745728,-0.687705934047699
0.9097158312797546,-0.6789981126785278
0.9096906781196594,-0.6424251198768616
0.9096906781196594,-0.6998969316482544
0.9097074866294861,-0.6406835317611694
1.1241612434387207,-0.49048471450805664
1.1241612434387207,-0.42660942673683167
1.1241625547409058,-0.42732712626457214
1.1241610050201416,-0.4919201135635376
1.1241610050201416,-0.4926378130912781
1.1241623163223267,-0.42660942673683167
1.124198317527771,-0.4280448257923126
1.124198317527771,-0.42373862862586975
1.124199628829956,-0.49048471450805664
1.0685118436813354,-0.4912024140357971
1.068511724472046,-0.42732712626457214
1.068528652191162,-0.4230209290981293
1.0685174465179443,-0.42445632815361023
1.0685173273086548,-0.4251740276813507
1.0685343742370605,-0.4919201135635376
1.0685173273086548,-0.4230209290981293
1.0685172080993652,-0.42373862862586975
1.068534255027771,-0.42373862862586975
1.0304536819458008,-0.5735352039337158
1.0304538011550903,-0.5720359086990356
1.0304536819458008,-0.5375524163246155
1.0303924083709717,-0.5705366134643555
1.0303924083709717,-0.5105653405189514
1.0303924083709717,-0.6335064768791199
1.0303925275802612,-0.5390517115592957
1.0303926467895508,-0.641002893447876
1.0303925275802612,-0.5705366134643555
1.0290905237197876,-0.5615409016609192
1.0290905237197876,-0.5465481281280518
1.0290882587432861,-0.6350057721138
1.0290937423706055,-0.6425021886825562
1.0290937423706055,-0.5780330300331116
1.029091477394104,-0.5450488328933716
1.0290910005569458,-0.5360531210899353
1.0290910005569458,-0.540550947189331
1.0290886163711548,-0.5585423707962036
0.7536977529525757,-0.6974992752075195
0.753689169883728,-0.7057511806488037
0.7536893486976624,-0.7437098622322083
0.753709077835083,-0.745360255241394
0.7537004351615906,-0.756912887096405
0.7537006735801697,-0.7701159715652466
0.753709077835083,-0.7074015140533447
0.7537004351615906,-0.7123526930809021
0.7537006735801697,-0.7024503946304321
1.1674240827560425,-0.43019792437553406
1.1674281358718872,-0.4890493154525757
1.1674281358718872,-0.42445632815361023
1.1674240827560425,-0.48976701498031616
1.1674280166625977,-0.49335551261901855
1.1674280166625977,-0.4230209290981293
1.1674057245254517,-0.4912024140357971
1.1674097776412964,-0.4287625253200531
1.1674097776412964,-0.4919201135635376
0.9326392412185669,-0.6180431246757507
0.9326392412185669,-0.7068632245063782
0.9326394200325012,-0.5396724939346313
0.9326356053352356,-0.604110598564148
0.9326356053352356,-0.7068632245063782
0.9326357841491699,-0.6807396411895752
0.9326470494270325,-0.672031819820404
0.9326470494270325,-0.5379309058189392
0.9326472282409668,-0.5588297247886658
1.0928928852081299,-0.4251740276813507
1.0928915739059448,-0.42660942673683167
1.0928928852081299,-0.4926378130912781
1.092873454093933,-0.4926378130912781
1.092872142791748,-0.42732712626457214
1.092873454093933,-0.49048471450805664
1.0928735733032227,-0.4876139163970947
1.0928722620010376,-0.4926378130912781
1.0928735733032227,-0.42445632815361023
1.0355311632156372,-0.575034499168396
1.1670397520065308,-0.4230209290981293
1.0354927778244019,-0.5345538258552551
1.167053461074829,-0.4230209290981293
1.0354927778244019,-0.5720359086990356
1.0355446338653564,-0.5675380825996399
1.1670684814453125,-0.49335551261901855
1.035506248474121,-0.5420502424240112
1.1670823097229004,-0.4251740276813507
1.035506248474121,-0.4985710680484772
1.0355446338653564,-0.6380043625831604
1.167068362236023,-0.4912024140357971
1.035506248474121,-0.5720359086990356
1.1670821905136108,-0.42732712626457214
1.035506248474121,-0.6320071816444397
1.1670821905136108,-0.4230209290981293
1.149556040763855,-0.4230209290981293
1.14957594871521,-0.42373862862586975
1.1495760679244995,-0.49048471450805664
1.1495428085327148,-0.42373862862586975
1.1495627164840698,-0.49335551261901855
1.1495628356933594,-0.49335551261901855
1.1495429277420044,-0.49407321214675903
1.1495628356933594,-0.4912024140357971
1.149562954902649,-0.4926378130912781
1.0089703798294067,-0.500070333480835
1.0090018510818481,-0.49407321214675903
1.0090018510818481,-0.6395035982131958
1.008963942527771,-0.5240588784217834
1.0089954137802124,-0.5675380825996399
1.0089954137802124,-0.5615409016609192
1.0089640617370605,-0.5660387873649597
1.008995532989502,-0.6350057721138
1.008995532989502,-0.5675380825996399
1.0507289171218872,-0.5045682191848755
1.0507338047027588,-0.5345538258552551
1.0507289171218872,-0.5285567045211792
1.0507289171218872,-0.540550947189331
1.0507338047027588,-0.5300559997558594
1.0507289171218872,-0.5675380825996399
1.0507287979125977,-0.6335064768791199
1.0507336854934692,-0.4955725073814392
1.0507287979125977,-0.49407321214675903
0.9268373250961304,-0.6145600080490112
0.9268372654914856,-0.611076831817627
0.9268413782119751,-0.6755149364471436
0.9268375039100647,-0.6197847127914429
0.9268373847007751,-0.6145600080490112
0.9268414974212646,-0.6772565245628357
0.9268252849578857,-0.6372004151344299
0.926825225353241,-0.6598408222198486
0.9268293380737305,-0.6789981126785278
0.8940863609313965,-0.5692791938781738
0.8940865993499756,-0.6911891102790833
0.8940868377685547,-0.7033800482749939
0.8940863013267517,-0.6668071150779724
0.8940865397453308,-0.6685486435890198
0.8940867781639099,-0.6406835317611694
0.8940815925598145,-0.6998969316482544
0.8940818309783936,-0.5605713129043579
0.8940820693969727,-0.6946722269058228
0.7185127139091492,-0.7189542055130005
0.7185128331184387,-0.7503113746643066
0.7185127139091492,-0.6232321858406067
0.7185016870498657,-0.694198489189148
0.7185018658638,-0.7024503946304321
0.7185016870498657,-0.7272061109542847
0.7185017466545105,-0.7074015140533447
0.7185018658638,-0.7503113746643066
0.7185017466545105,-0.7255557179450989
0.7860544323921204,-0.5857810974121094
0.7860034108161926,-0.6998421549797058
0.7860034108161926,-0.7072809338569641
0.7860376834869385,-0.7370359897613525
0.7859866619110107,-0.5485872626304626
0.7859866619110107,-0.7419952154159546
0.7860378623008728,-0.6700870990753174
0.7859867811203003,-0.7122400999069214
0.7859867811203003,-0.5709035992622375
0.8486628532409668,-0.7742298245429993
0.8487085700035095,-0.682485044002533
0.8487083315849304,-0.7048013806343079
0.8486611843109131,-0.6254545450210571
0.8487069010734558,-0.7122400999069214
0.8487067222595215,-0.6899238228797913
0.8486612439155579,-0.684964656829834
0.8487069606781006,-0.6676075458526611
0.8487067222595215,-0.6626483798027039
0.7947009801864624,-0.7568727135658264
0.7946981191635132,-0.6651279330253601
0.7946981191635132,-0.5361893177032471
0.7947009801864624,-0.7196788787841797
0.7946981191635132,-0.6204953193664551
0.7946981191635132,-0.6502504348754883
0.7947009801864624,-0.6998421549797058
0.7946981191635132,-0.6874442100524902
0.7946981191635132,-0.5386689305305481
1.1515073776245117,-0.4926378130912781
1.1515225172042847,-0.4919201135635376
1.1515223979949951,-0.4230209290981293
1.1515073776245117,-0.49048471450805664
1.1515225172042847,-0.4912024140357971
1.1515223979949951,-0.4251740276813507
1.1515092849731445,-0.4926378130912781
1.1515244245529175,-0.4258917272090912
1.151524305343628,-0.42373862862586975
1.1609079837799072,-0.48976701498031616
1.1609082221984863,-0.4876139163970947
1.1608726978302002,-0.42445632815361023
1.1609079837799072,-0.42373862862586975
1.1609082221984863,-0.42445632815361023
1.1608726978302002,-0.4251740276813507
1.1609026193618774,-0.49407321214675903
1.1609028577804565,-0.42445632815361023
1.1608673334121704,-0.48976701498031616
1.1461820602416992,-0.49407321214675903
1.146144986152649,-0.4251740276813507
1.1461447477340698,-0.4251740276813507
1.1461820602416992,-0.4912024140357971
1.146144986152649,-0.42732712626457214
1.1461447477340698,-0.4912024140357971
1.1461820602416992,-0.49335551261901855
1.146144986152649,-0.4912024140357971
1.1461447477340698,-0.42445632815361023
0.6939897537231445,-0.7140030264854431
0.6939895749092102,-0.7090519070625305
0.6939808130264282,-0.7750670909881592
0.693996250629425,-0.766815185546875
0.693996012210846,-0.6875969767570496
0.693987250328064,-0.7206045985221863
0.693996250629425,-0.7371083498001099
0.693996012210846,-0.7024503946304321
0.693987250328064,-0.7008000016212463
1.1329514980316162,-0.4926378130912781
1.1329513788223267,-0.4926378130912781
1.1329553127288818,-0.49335551261901855
1.1330057382583618,-0.42445632815361023
1.1330057382583618,-0.42373862862586975
1.1330095529556274,-0.49407321214675903
1.1330057382583618,-0.4926378130912781
1.1330057382583618,-0.42445632815361023
1.1330095529556274,-0.49335551261901855
1.1860109567642212,-0.42373862862586975
1.1860182285308838,-0.42445632815361023
1.186018943786621,-0.45101121068000793
1.186018943786621,-0.4459873139858246
1.1860193014144897,-0.44455191493034363
1.1827352046966553,-0.49407321214675903
1.1827352046966553,-0.44742271304130554
1.1827393770217896,-0.4926378130912781
1.1827452182769775,-0.4926378130912781
1.1827449798583984,-0.4459873139858246
1.0409010648727417,-0.497071772813797
1.040902018547058,-0.4985710680484772
1.040902018547058,-0.5645394921302795
1.0409009456634521,-0.5645394921302795
1.0409018993377686,-0.5450488328933716
1.0409018993377686,-0.500070333480835
1.0409010648727417,-0.533054530620575
1.040902018547058,-0.5285567045211792
1.040902018547058,-0.5765337347984314
1.0979746580123901,-0.4926378130912781
1.0979716777801514,-0.48976701498031616
1.0979870557785034,-0.4251740276813507
1.0979746580123901,-0.4883316159248352
1.0979716777801514,-0.4883316159248352
1.097987174987793,-0.49048471450805664
1.0979745388031006,-0.4912024140357971
1.0979715585708618,-0.4258917272090912
1.0979870557785034,-0.42732712626457214
0.6564142107963562,-0.7701030373573303
0.6564142107963562,-0.7154027223587036
0.6564158201217651,-0.7508839964866638
0.6564142107963562,-0.7375785112380981
0.6564142107963562,-0.7730598449707031
0.6564158201217651,-0.7154027223587036
0.6564093232154846,-0.6843565702438354
0.6564093232154846,-0.7006188631057739
0.6564109921455383,-0.823324978351593
1.179192304611206,-0.48976701498031616
1.179193139076233,-0.449575811624527
1.179192304611206,-0.4919201135635376
1.179192304611206,-0.44670501351356506
1.1791845560073853,-0.449575811624527
1.1791845560073853,-0.4416811168193817
0.6671634316444397,-0.7024503946304321
0.6671634316444397,-0.7470106482505798
0.667167603969574,-0.7404091358184814
0.6671631932258606,-0.7717663049697876
0.6671631932258606,-0.7074015140533447
0.6671673655509949,-0.7536121606826782
0.6671349406242371,-0.7701159715652466
0.6671349406242371,-0.6182810664176941
0.6671391129493713,-0.7008000016212463
1.1820406913757324,-0.45029351115226746
1.1820416450500488,-0.49407321214675903
1.1820416450500488,-0.44742271304130554
1.1820614337921143,-0.45029351115226746
1.1820616722106934,-0.4251740276813507
1.182992935180664,-0.49335551261901855
1.182977318763733,-0.44670501351356506
1.182992935180664,-0.45316430926322937
1.182977318763733,-0.4524466097354889
0.7351900339126587,-0.694198489189148
0.7351952791213989,-0.7090519070625305
0.7351952195167542,-0.7750670909881592
0.735190212726593,-0.7107023000717163
0.7351954579353333,-0.7354579567909241
0.7351953983306885,-0.7074015140533447
0.7351653575897217,-0.7371083498001099
0.7351706027984619,-0.7255557179450989
0.7351705431938171,-0.7800182104110718
0.7384738326072693,-0.7024503946304321
0.7384739518165588,-0.7486610412597656
0.7384799718856812,-0.7800182104110718
0.7384737133979797,-0.7090519070625305
0.7384738326072693,-0.7354579567909241
0.7384798526763916,-0.6793450713157654
0.7384390830993652,-0.7404091358184814
0.73843914270401,-0.7156534194946289
0.7384451627731323,-0.7140030264854431
0.9407094120979309,-0.6267510056495667
0.9407115578651428,-0.6128184199333191
0.9407094120979309,-0.5466387271881104
0.9407095909118652,-0.6998969316482544
0.9407117366790771,-0.5762454271316528
0.9407095909118652,-0.6964138150215149
0.9407094120979309,-0.6145600080490112
0.9407115578651428,-0.5379309058189392
0.9407094120979309,-0.5849533081054688
1.152278184890747,-0.4230209290981293
1.1680775880813599,-0.4926378130912781
1.1522976160049438,-0.49335551261901855
1.1681134700775146,-0.4251740276813507
1.1522973775863647,-0.49048471450805664
1.168113350868225,-0.431633323431015
1.152278184890747,-0.42660942673683167
1.1680799722671509,-0.42445632815361023
1.1522976160049438,-0.42373862862586975
1.1681157350540161,-0.42445632815361023
1.1522973775863647,-0.49048471450805664
1.1681156158447266,-0.4280448257923126
1.1522778272628784,-0.42732712626457214
1.1680893898010254,-0.43019792437553406
1.1522971391677856,-0.4258917272090912
1.1681252717971802,-0.4926378130912781
1.1522969007492065,-0.4926378130912781
1.1681251525878906,-0.42660942673683167
1.0499738454818726,-0.575034499168396
1.050019383430481,-0.5360531210899353
1.050019383430481,-0.5420502424240112
1.0499738454818726,-0.5375524163246155
1.050019383430481,-0.5795323252677917
1.050019383430481,-0.6380043625831604
1.0499813556671143,-0.5465481281280518
1.0500268936157227,-0.5030689239501953
1.0500268936157227,-0.500070333480835
0.8044570684432983,-0.7048013806343079
0.8044580221176147,-0.5386689305305481
0.8044580221176147,-0.7122400999069214
0.8044569492340088,-0.6700870990753174
0.8044579029083252,-0.7171993255615234
0.8044579029083252,-0.6155361533164978
0.8044173121452332,-0.7147197127342224
0.8044182658195496,-0.6874442100524902
0.8044182062149048,-0.729597270488739
0.658149242401123,-0.7760165929794312
0.6581482887268066,-0.7154027223587036
0.658149242401123,-0.820368230342865
0.6581470966339111,-0.8277601599693298
0.6581461429595947,-0.7139243483543396
0.6581470966339111,-0.6961836814880371
0.658149242401123,-0.7508839964866638
0.6581482887268066,-0.7183594703674316
0.658149242401123,-0.7464488744735718
0.6795594692230225,-0.6892473697662354
0.6795608997344971,-0.7057511806488037
0.6795594692230225,-0.6265329718589783
0.6795616149902344,-0.7470106482505798
0.679563045501709,-0.7156534194946289
0.6795616149902344,-0.6809954643249512
0.6795594692230225,-0.7701159715652466
0.6795608997344971,-0.7486610412597656
0.6795594692230225,-0.7503113746643066
0.6926383376121521,-0.7503113746643066
0.6926347017288208,-0.7684655785560608
0.6926347017288208,-0.7387587428092957
0.6926376223564148,-0.7602136731147766
0.6926339864730835,-0.6677924394607544
0.6926339864730835,-0.6182810664176941
0.6926383376121521,-0.6776946783065796
0.6926347017288208,-0.7354579567909241
0.6926347017288208,-0.7437098622322083
1.0682237148284912,-0.4985710680484772
1.1837949752807617,-0.49407321214675903
1.0682120323181152,-0.5630401968955994
1.0682121515274048,-0.500070333480835
1.1838150024414062,-0.42445632815361023
1.0682274103164673,-0.5345538258552551
1.1837950944900513,-0.448140412569046
1.0682157278060913,-0.6335064768791199
1.0682158470153809,-0.5420502424240112
1.1838151216506958,-0.449575811624527
1.0681750774383545,-0.5675380825996399
1.0681633949279785,-0.5795323252677917
1.1838651895523071,-0.45101121068000793
1.068163514137268,-0.5720359086990356
1.183864951133728,-0.449575811624527
1.1102296113967896,-0.4230209290981293
1.1102168560028076,-0.4919201135635376
1.1102168560028076,-0.42373862862586975
1.110228419303894,-0.42445632815361023
1.110215663909912,-0.49048471450805664
1.110215663909912,-0.42445632815361023
1.1102296113967896,-0.4287625253200531
1.1102168560028076,-0.42445632815361023
1.1102168560028076,-0.4912024140357971
0.7687132358551025,-0.7147197127342224
0.7687125205993652,-0.6775258779525757
0.7687028646469116,-0.727117657661438
0.7687138915061951,-0.6130566000938416
0.7687131762504578,-0.5932198762893677
0.7687035202980042,-0.6080973744392395
0.7687138915061951,-0.682485044002533
0.7687131762504578,-0.7171993255615234
0.7687035202980042,-0.7196788787841797
0.9786956310272217,-0.5570430755615234
0.9786955118179321,-0.5585423707962036
0.9787322878837585,-0.5360531210899353
0.9787118434906006,-0.5435495376586914
0.9787117838859558,-0.6425021886825562
0.9787485003471375,-0.5630401968955994
0.9787119626998901,-0.5315552949905396
0.9787118434906006,-0.5435495376586914
0.978748619556427,-0.5045682191848755
0.6515397429466248,-0.7479272484779358
0.65153968334198,-0.6887917518615723
0.6515505313873291,-0.7715814113616943
0.6515398025512695,-0.7701030373573303
0.6515397429466248,-0.6902701258659363
0.6515505909919739,-0.7922788262367249
0.6515398621559143,-0.78488689661026
0.6515398621559143,-0.705053985118866
0.6515506505966187,-0.820368230342865
0.7362713813781738,-0.7437098622322083
0.7363190054893494,-0.6925480961799622
0.7363191246986389,-0.6760443449020386
0.7362763285636902,-0.6908977627754211
0.7363239526748657,-0.7057511806488037
0.7363240718841553,-0.7734166979789734
0.7362762689590454,-0.6958488821983337
0.736323893070221,-0.7437098622322083
0.7363240122795105,-0.7156534194946289
1.1429462432861328,-0.42660942673683167
1.142946481704712,-0.42660942673683167
1.142919659614563,-0.49048471450805664
1.1429461240768433,-0.4912024140357971
1.1429463624954224,-0.48976701498031616
1.1429195404052734,-0.4258917272090912
1.1429461240768433,-0.4230209290981293
1.1429462432861328,-0.4912024140357971
1.1429194211959839,-0.42373862862586975
0.9525559544563293,-0.6511329412460327
0.9525560736656189,-0.6093353033065796
0.9525532722473145,-0.6459082365036011
0.9525941610336304,-0.6163015365600586
0.9525942802429199,-0.6911891102790833
0.9525914788246155,-0.5640544295310974
0.9525937438011169,-0.611076831817627
0.9525938034057617,-0.6145600080490112
0.9525910019874573,-0.6894475221633911
0.6432046294212341,-0.7257513999938965
0.6432046294212341,-0.7390568852424622
0.6432285308837891,-0.7479272484779358
0.6432047486305237,-0.7080107927322388
0.6432047486305237,-0.821846604347229
0.6432286500930786,-0.7612327337265015
0.6432381868362427,-0.7375785112380981
0.6432381868362427,-0.7464488744735718
0.6432620882987976,-0.7745382189750671
1.0534042119979858,-0.5435495376586914
1.0534042119979858,-0.49407321214675903
1.0534192323684692,-0.49407321214675903
1.0534242391586304,-0.5420502424240112
1.0534242391586304,-0.5285567045211792
1.0534392595291138,-0.5510459542274475
1.0534244775772095,-0.6335064768791199
1.0534244775772095,-0.540550947189331
1.0534394979476929,-0.5615409016609192
1.1051362752914429,-0.4919201135635376
1.1051521301269531,-0.4323510229587555
1.1051521301269531,-0.48617851734161377
1.1051362752914429,-0.4876139163970947
1.1051520109176636,-0.49407321214675903
1.1051520109176636,-0.4926378130912781
1.1051362752914429,-0.42660942673683167
1.1051521301269531,-0.42373862862586975
1.1051521301269531,-0.4890493154525757
0.8538256883621216,-0.6105769872665405
1.014452576637268,-0.5390517115592957
0.8538569808006287,-0.7097605466842651
1.0144336223602295,-0.500070333480835
0.8538569808006287,-0.7543931007385254
1.0144336223602295,-0.49407321214675903
0.8538258075714111,-0.5634648203849792
1.014452576637268,-0.5615409016609192
0.853857159614563,-0.6725667119026184
1.0144336223602295,-0.5450488328933716
0.853857159614563,-0.5684239864349365
1.0144336223602295,-0.5555437803268433
0.8538203239440918,-0.7097605466842651
1.0144485235214233,-0.527057409286499
0.8538516759872437,-0.684964656829834
1.0144295692443848,-0.5375524163246155
0.8538516759872437,-0.5510668754577637
1.0144295692443848,-0.5375524163246155
1.1775528192520142,-0.42373862862586975
1.1775505542755127,-0.49335551261901855
1.1775505542755127,-0.42445632815361023
1.1775528192520142,-0.42445632815361023
1.1775506734848022,-0.49335551261901855
1.1775506734848022,-0.42445632815361023
1.1775623559951782,-0.4919201135635376
1.1775602102279663,-0.45388200879096985
1.1775602102279663,-0.4926378130912781
0.6751359105110168,-0.7057511806488037
0.6751641035079956,-0.6958488821983337
0.6751639246940613,-0.7305068373680115
0.6751359105110168,-0.745360255241394
0.6751641631126404,-0.6974992752075195
0.6751639246940613,-0.7206045985221863
0.6751194596290588,-0.7107023000717163
0.6751476526260376,-0.7008000016212463
0.6751474142074585,-0.7206045985221863
0.6522780656814575,-0.7464488744735718
0.6522781848907471,-0.6947053074836731
0.6522780656814575,-0.6991404294967651
0.6522780656814575,-0.705053985118866
0.6522781848907471,-0.7745382189750671
0.6522780656814575,-0.705053985118866
0.6522708535194397,-0.6843565702438354
0.6522709727287292,-0.7080107927322388
0.6522708535194397,-0.7346217632293701
0.9943773746490479,-0.641002893447876
0.9943791031837463,-0.5735352039337158
0.9943791031837463,-0.5375524163246155
0.9943764805793762,-0.6395035982131958
0.9943782687187195,-0.5345538258552551
0.9943782091140747,-0.5690373182296753
0.9943773746490479,-0.540550947189331
0.9943791031837463,-0.5615409016609192
0.9943791031837463,-0.4955725073814392
0.8437473773956299,-0.724638044834137
0.8437865376472473,-0.5659443736076355
0.8437864184379578,-0.5758627653121948
0.8437455892562866,-0.724638044834137
0.843784749507904,-0.558505654335022
0.8437846302986145,-0.7048013806343079
0.8437473773956299,-0.5808219313621521
0.8437865376472473,-0.7023217678070068
0.8437864184379578,-0.7345564365386963
1.0106394290924072,-0.5375524163246155
1.0106385946273804,-0.5555437803268433
1.0106134414672852,-0.5675380825996399
1.0106394290924072,-0.5030689239501953
1.0106385946273804,-0.6350057721138
1.0106134414672852,-0.5870287418365479
1.0106769800186157,-0.4955725073814392
1.0106760263442993,-0.500070333480835
1.010650873184204,-0.5450488328933716
1.1370294094085693,-0.42732712626457214
1.137010931968689,-0.48976701498031616
1.137011170387268,-0.4876139163970947
1.1370372772216797,-0.42732712626457214
1.1370187997817993,-0.4280448257923126
1.1370190382003784,-0.49048471450805664
1.1370372772216797,-0.49335551261901855
1.1370187997817993,-0.4876139163970947
1.1370190382003784,-0.42732712626457214
0.8023937940597534,-0.5882607102394104
0.8023377656936646,-0.7742298245429993
0.8023380041122437,-0.5882607102394104
0.8023937940597534,-0.6254545450210571
0.8023377656936646,-0.558505654335022
0.8023380041122437,-0.600658655166626
0.802392303943634,-0.6304137110710144
0.8023362755775452,-0.7370359897613525
0.8023365139961243,-0.7023217678070068
0.9498175978660583,-0.5901780128479004
0.9498762488365173,-0.6250094175338745
0.9498764872550964,-0.6964138150215149
0.9498047232627869,-0.6894475221633911
0.9498633146286011,-0.6964138150215149
0.9498635530471802,-0.6459082365036011
0.9498047232627869,-0.5745038986206055
0.9498633742332458,-0.6859643459320068
0.949863612651825,-0.687705934047699
0.9538101553916931,-0.6058521270751953
0.9537845849990845,-0.5379309058189392
0.9537864327430725,-0.6093353033065796
0.9538070559501648,-0.672031819820404
0.9537814855575562,-0.5361893177032471
0.9537833333015442,-0.6615824103355408
0.9538101553916931,-0.5797286033630371
0.9537845849990845,-0.6406835317611694
0.9537864327430725,-0.6232678294181824
1.0899945497512817,-0.42732712626457214
1.0899946689605713,-0.42373862862586975
1.0899946689605713,-0.42373862862586975
1.090059518814087,-0.48689621686935425
1.090059518814087,-0.49048471450805664
1.090059518814087,-0.4912024140357971
1.090059518814087,-0.4230209290981293
1.090059518814087,-0.48689621686935425
1.090059518814087,-0.4251740276813507
1.0088833570480347,-0.5360531210899353
1.0757571458816528,-0.4883316159248352
1.0088748931884766,-0.533054530620575
1.07573401927948,-0.4883316159248352
1.0088748931884766,-0.6380043625831604
1.07573401927948,-0.4251740276813507
1.0088653564453125,-0.6395035982131958
1.0757430791854858,-0.42373862862586975
1.0088568925857544,-0.641002893447876
1.075719952583313,-0.49048471450805664
1.0088568925857544,-0.5660387873649597
1.075719952583313,-0.49335551261901855
1.0088655948638916,-0.6365050673484802
1.0757406949996948,-0.42373862862586975
1.0088571310043335,-0.500070333480835
1.0757176876068115,-0.42445632815361023
1.0088571310043335,-0.5600416660308838
1.0757176876068115,-0.4919201135635376
1.0895642042160034,-0.4230209290981293
1.0895847082138062,-0.43019792437553406
1.0895847082138062,-0.43019792437553406
1.0895568132400513,-0.42445632815361023
1.089577317237854,-0.4919201135635376
1.089577317237854,-0.4230209290981293
1.0895568132400513,-0.49335551261901855
1.089577317237854,-0.4258917272090912
1.089577317237854,-0.42445632815361023
0.8404718041419983,-0.7023217678070068
0.8404720425605774,-0.682485044002533
0.8404989838600159,-0.6105769872665405
0.8404718041419983,-0.7370359897613525
0.8404720425605774,-0.5783423185348511
0.8404989838600159,-0.7072809338569641
0.8404829502105713,-0.7196788787841797
0.8404831290245056,-0.7023217678070068
0.8405100703239441,-0.5386689305305481
1.1535131931304932,-0.4919201135635376
1.153505563735962,-0.4230209290981293
1.153505563735962,-0.42445632815361023
1.1535131931304932,-0.42445632815361023
1.153505563735962,-0.4912024140357971
1.153505563735962,-0.4912024140357971
1.1535494327545166,-0.49335551261901855
1.1535418033599854,-0.4287625253200531
1.1535418033599854,-0.4876139163970947
0.8567186594009399,-0.7593523263931274
0.8567211627960205,-0.7023217678070068
0.8567186594009399,-0.7593523263931274
0.8567186594009399,-0.6998421549797058
0.8567211627960205,-0.7147197127342224
0.8567186594009399,-0.7395156025886536
0.856711208820343,-0.6676075458526611
0.8567137122154236,-0.724638044834137
0.856711208820343,-0.5733831524848938
0.7723816633224487,-0.7072809338569641
1.1727125644683838,-0.4912024140357971
0.7723876237869263,-0.6948829889297485
1.1726903915405273,-0.48689621686935425
0.7723876237869263,-0.724638044834137
1.1726903915405273,-0.45101121068000793
0.7723819017410278,-0.6155361533164978
1.1727125644683838,-0.4926378130912781
0.7723878622055054,-0.6874442100524902
1.1726903915405273,-0.4280448257923126
0.7723878622055054,-0.6750463247299194
1.1726903915405273,-0.4251740276813507
0.7723528742790222,-0.6874442100524902
1.172711730003357,-0.4488581120967865
0.772358775138855,-0.7072809338569641
1.17268967628479,-0.4524466097354889
0.772358775138855,-0.5411484837532043
1.17268967628479,-0.42445632815361023
0.7476092576980591,-0.7437098622322083
0.7476092576980591,-0.7437098622322083
0.7476138472557068,-0.6182810664176941
0.7476091980934143,-0.6281833052635193
0.7476091980934143,-0.7717663049697876
0.7476137280464172,-0.7816686034202576
0.7476164698600769,-0.7123526930809021
0.7476164698600769,-0.7239053249359131
0.7476210594177246,-0.6991496086120605
1.1179355382919312,-0.4251740276813507
1.1179354190826416,-0.4230209290981293
1.1179354190826416,-0.4883316159248352
1.1179355382919312,-0.4251740276813507
1.1179354190826416,-0.43378642201423645
1.1179354190826416,-0.4890493154525757
1.1179704666137695,-0.49048471450805664
1.11797034740448,-0.4251740276813507
1.11797034740448,-0.49407321214675903
1.1433846950531006,-0.49407321214675903
1.143384337425232,-0.4926378130912781
1.1433846950531006,-0.49048471450805664
1.1433846950531006,-0.4230209290981293
1.143384337425232,-0.4883316159248352
1.1433846950531006,-0.42732712626457214
1.1433385610580444,-0.49048471450805664
1.1433380842208862,-0.49407321214675903
1.1433385610580444,-0.4919201135635376
1.1288104057312012,-0.48976701498031616
1.0710915327072144,-0.43091562390327454
1.1288623809814453,-0.4251740276813507
1.0710949897766113,-0.4251740276813507
1.1288622617721558,-0.49407321214675903
1.0710949897766113,-0.42445632815361023
1.128811001777649,-0.42732712626457214
1.0710824728012085,-0.42660942673683167
1.128862977027893,-0.49335551261901855
1.0710859298706055,-0.49335551261901855
1.128862977027893,-0.4294802248477936
1.0710859298706055,-0.4919201135635376
1.1288104057312012,-0.49407321214675903
1.0710810422897339,-0.4230209290981293
1.1288623809814453,-0.4876139163970947
1.0710844993591309,-0.4251740276813507
1.1288622617721558,-0.4230209290981293
1.0710844993591309,-0.4251740276813507
0.9674577116966248,-0.5375524163246155
0.9674540162086487,-0.5705366134643555
0.9674577116966248,-0.575034499168396
0.9674575328826904,-0.5660387873649597
0.9674538373947144,-0.5390517115592957
0.9674575328826904,-0.5480473637580872
0.9674776792526245,-0.5390517115592957
0.9674739837646484,-0.5285567045211792
0.9674776792526245,-0.5705366134643555
1.0829768180847168,-0.4912024140357971
0.8337208032608032,-0.7072809338569641
1.0829774141311646,-0.4876139163970947
0.8337214589118958,-0.7196788787841797
1.0829768180847168,-0.49407321214675903
0.8337208032608032,-0.6155361533164978
1.0829768180847168,-0.4912024140357971
0.8337208032608032,-0.6874442100524902
1.0829774141311646,-0.4926378130912781
0.8337214589118958,-0.7023217678070068
1.0829768180847168,-0.49335551261901855
0.8337208032608032,-0.7816686034202576
1.082966923713684,-0.4287625253200531
0.8337363004684448,-0.7370359897613525
1.0829676389694214,-0.42660942673683167
0.8337369561195374,-0.6180157661437988
1.082966923713684,-0.43019792437553406
0.8337363004684448,-0.7122400999069214
1.1827690601348877,-0.44455191493034363
1.1827685832977295,-0.42732712626457214
1.1827690601348877,-0.4294802248477936
1.1827685832977295,-0.45029351115226746
1.1828020811080933,-0.4524466097354889
0.7556079626083374,-0.6974992752075195
0.7556078433990479,-0.6380856037139893
0.7555983662605286,-0.7041007876396179
0.7556026577949524,-0.7107023000717163
0.7556025385856628,-0.7321572303771973
0.7555931210517883,-0.7090519070625305
0.7556025981903076,-0.7404091358184814
0.7556024789810181,-0.7387587428092957
0.7555930614471436,-0.7074015140533447
0.9269181489944458,-0.5501219034194946
0.9269284009933472,-0.6859643459320068
0.9269284009933472,-0.6842228174209595
0.9269181489944458,-0.5762454271316528
0.9269284009933472,-0.628492534160614
0.9269284009933472,-0.628492534160614
0.9269181489944458,-0.6633239388465881
0.9269284009933472,-0.5431556105613708
0.9269284009933472,-0.5692791938781738
1.0018980503082275,-0.5150631666183472
1.0018980503082275,-0.497071772813797
1.0019077062606812,-0.4955725073814392
1.001894474029541,-0.5795323252677917
1.001894474029541,-0.5660387873649597
1.0019041299819946,-0.6380043625831604
1.0018584728240967,-0.5705366134643555
1.0018584728240967,-0.4955725073814392
1.0018680095672607,-0.6425021886825562
0.6385496854782104,-0.6843565702438354
0.6385498046875,-0.783408522605896
0.6385271549224854,-0.740535318851471
0.6385490298271179,-0.7464488744735718
0.6385491490364075,-0.7020972371101379
0.638526439666748,-0.6873133778572083
0.6385496854782104,-0.7080107927322388
0.6385498046875,-0.820368230342865
0.6385271549224854,-0.6961836814880371
1.1359171867370605,-0.42373862862586975
1.1359171867370605,-0.48976701498031616
1.1359329223632812,-0.4230209290981293
1.1359868049621582,-0.4251740276813507
1.1359868049621582,-0.4258917272090912
1.136002540588379,-0.42445632815361023
1.1359870433807373,-0.43019792437553406
1.1359870433807373,-0.49335551261901855
1.136002779006958,-0.42732712626457214
1.0500644445419312,-0.5600416660308838
1.0500646829605103,-0.49407321214675903
1.0500719547271729,-0.6425021886825562
1.050068736076355,-0.5315552949905396
1.050068974494934,-0.5015696287155151
1.0500762462615967,-0.5645394921302795
1.0500644445419312,-0.49407321214675903
1.0500646829605103,-0.5015696287155151
1.0500719547271729,-0.5600416660308838
0.9972422122955322,-0.5600416660308838
0.997241735458374,-0.5630401968955994
0.9971923828125,-0.5030689239501953
0.9972421526908875,-0.533054530620575
0.9972416758537292,-0.5510459542274475
0.9971923232078552,-0.497071772813797
0.9972484707832336,-0.540550947189331
0.9972479939460754,-0.497071772813797
0.9971985816955566,-0.5690373182296753
0.7449590563774109,-0.7701159715652466
0.7449529767036438,-0.7189542055130005
0.7449528574943542,-0.682645857334137
0.7449580430984497,-0.7107023000717163
0.7449519634246826,-0.7090519070625305
0.7449519038200378,-0.7041007876396179
0.7449590563774109,-0.7734166979789734
0.7449529767036438,-0.7189542055130005
0.7449528574943542,-0.6892473697662354
0.9011935591697693,-0.6372004151344299
0.9012014865875244,-0.5414140224456787
0.9012014269828796,-0.6441667079925537
0.9011936187744141,-0.6145600080490112
0.9012015461921692,-0.6493914127349854
0.9012014865875244,-0.5536050200462341
0.9012160301208496,-0.6075937151908875
0.9012239575386047,-0.6163015365600586
0.90122389793396,-0.5710207223892212
0.8408163189888,-0.7097605466842651
0.8408104181289673,-0.6948829889297485
0.8408104181289673,-0.6874442100524902
0.8408164381980896,-0.724638044834137
0.8408105969429016,-0.6080973744392395
0.8408105969429016,-0.7048013806343079
0.8408166170120239,-0.7048013806343079
0.8408107161521912,-0.5361893177032471
0.8408107161521912,-0.7147197127342224
0.5429438352584839,-0.8277601599693298
0.5429437756538391,-0.8277601599693298
0.5429150462150574,-0.8277601599693298
0.5429196953773499,-0.8277601599693298
0.5429196357727051,-0.8277601599693298
0.5428909659385681,-0.8277601599693298
0.5429196357727051,-0.8277601599693298
0.5429195761680603,-0.8277601599693298
0.5428909063339233,-0.8277601599693298
0.9004735946655273,-0.6998969316482544
0.9004671573638916,-0.6354588270187378
0.9004673361778259,-0.6232678294181824
0.9004808664321899,-0.6789981126785278
0.9004744291305542,-0.5518634915351868
0.9004746079444885,-0.6006274223327637
0.9004806876182556,-0.6354588270187378
0.9004742503166199,-0.6267510056495667
0.9004744291305542,-0.5657960176467896
0.6625715494155884,-0.6958488821983337
0.6625715494155884,-0.7222549319267273
0.6625624299049377,-0.6199314594268799
0.6625715494155884,-0.7041007876396179
0.6625715494155884,-0.7206045985221863
0.6625624299049377,-0.7222549319267273
0.6625974178314209,-0.6182810664176941
0.6625974178314209,-0.7684655785560608
0.6625882387161255,-0.7486610412597656
1.087781310081482,-0.4912024140357971
1.0878205299377441,-0.42373862862586975
1.0878204107284546,-0.4258917272090912
1.0877662897109985,-0.42373862862586975
1.0878055095672607,-0.49335551261901855
1.0878053903579712,-0.4230209290981293
1.087766408920288,-0.4926378130912781
1.0878056287765503,-0.4294802248477936
1.0878055095672607,-0.49335551261901855
0.9088691473007202,-0.6250094175338745
0.9089189171791077,-0.6250094175338745
0.9089189767837524,-0.6023690104484558
0.908869206905365,-0.6789981126785278
0.9089189767837524,-0.6824812293052673
0.9089190363883972,-0.5727623105049133
0.9088500142097473,-0.5727623105049133
0.9088997840881348,-0.6563577055931091
0.9088998436927795,-0.6911891102790833
1.050828456878662,-0.5150631666183472
1.050828456878662,-0.4955725073814392
1.050828456878662,-0.5675380825996399
1.0508283376693726,-0.5600416660308838
1.0508283376693726,-0.6290086507797241
1.0508283376693726,-0.641002893447876
1.0508569478988647,-0.641002893447876
1.0508568286895752,-0.5345538258552551
1.0508568286895752,-0.641002893447876
0.7888327240943909,-0.727117657661438
0.788813591003418,-0.7048013806343079
0.788813591003418,-0.6031382083892822
0.7888382077217102,-0.7221584916114807
0.7888190746307373,-0.7097605466842651
0.7888190746307373,-0.6775258779525757
0.7888380885124207,-0.729597270488739
0.7888189554214478,-0.6874442100524902
0.7888189554214478,-0.600658655166626
1.079829216003418,-0.4912024140357971
1.0798300504684448,-0.4251740276813507
1.0798300504684448,-0.42373862862586975
1.0798335075378418,-0.4912024140357971
1.0798343420028687,-0.4258917272090912
1.079834222793579,-0.49048471450805664
1.079835295677185,-0.42373862862586975
1.0798360109329224,-0.4883316159248352
1.0798360109329224,-0.49407321214675903
1.0532655715942383,-0.6200129389762878
1.0532437562942505,-0.5585423707962036
1.053240180015564,-0.5795323252677917
1.0532646179199219,-0.6380043625831604
1.053242802619934,-0.5630401968955994
1.0532392263412476,-0.6230115294456482
1.0532655715942383,-0.5810316205024719
1.0532437562942505,-0.5720359086990356
1.053240180015564,-0.6395035982131958
0.9864969849586487,-0.5615409016609192
0.9864969253540039,-0.6380043625831604
0.9865367412567139,-0.5420502424240112
0.9864956736564636,-0.5345538258552551
0.9864956140518188,-0.5675380825996399
0.9865354299545288,-0.527057409286499
0.9864969849586487,-0.6425021886825562
0.9864969253540039,-0.6425021886825562
0.9865367412567139,-0.4955725073814392
1.033618450164795,-0.5015696287155151
0.8503561615943909,-0.7072809338569641
1.0336660146713257,-0.5030689239501953
1.1753594875335693,-0.43091562390327454
0.8503450155258179,-0.6676075458526611
1.0336660146713257,-0.5390517115592957
1.1753594875335693,-0.42373862862586975
0.8503449559211731,-0.729597270488739
1.0336170196533203,-0.627509355545044
1.1753110885620117,-0.44742271304130554
0.8503561615943909,-0.6378524899482727
1.0336644649505615,-0.5690373182296753
1.1753575801849365,-0.4258917272090912
0.8503449559211731,-0.6353728771209717
1.0336644649505615,-0.5645394921302795
1.1753575801849365,-0.42445632815361023
0.8503448963165283,-0.5882607102394104
1.033618450164795,-0.497071772813797
1.1752896308898926,-0.49407321214675903
0.8503561615943909,-0.5485872626304626
1.0336660146713257,-0.5555437803268433
1.1753361225128174,-0.4258917272090912
0.8503450155258179,-0.7023217678070068
1.0336660146713257,-0.5435495376586914
1.175336241722107,-0.44670501351356506
0.8503449559211731,-0.724638044834137
0.8629514575004578,-0.6700870990753174
0.8629438281059265,-0.7568727135658264
0.8629442453384399,-0.6874442100524902
0.8629509806632996,-0.6353728771209717
0.8629433512687683,-0.684964656829834
0.8629438281059265,-0.7072809338569641
0.8629961609840393,-0.6973626017570496
0.8629885315895081,-0.6775258779525757
0.8629889488220215,-0.6676075458526611
0.7940260171890259,-0.598179042339325
0.9311884045600891,-0.6006274223327637
0.7940986752510071,-0.5535464286804199
0.9311791658401489,-0.6232678294181824
0.7940989136695862,-0.5932198762893677
0.9311790466308594,-0.7086048126220703
0.7940260767936707,-0.6130566000938416
0.9311913847923279,-0.7033800482749939
0.7940987348556519,-0.6998421549797058
0.9311820864677429,-0.6163015365600586
0.794098973274231,-0.6180157661437988
0.9311819672584534,-0.5814701318740845
0.7940275073051453,-0.7023217678070068
0.9311535358428955,-0.687705934047699
0.7941001653671265,-0.5932198762893677
0.9311442375183105,-0.6337172389030457
0.7941003441810608,-0.682485044002533
0.931144118309021,-0.6093353033065796
1.1588929891586304,-0.42373862862586975
1.158909797668457,-0.42732712626457214
1.1589100360870361,-0.48617851734161377
1.1588908433914185,-0.42660942673683167
1.1589076519012451,-0.4287625253200531
1.1589077711105347,-0.49048471450805664
1.1588929891586304,-0.4912024140357971
1.158909797668457,-0.49335551261901855
1.1589100360870361,-0.49407321214675903
0.7036925554275513,-0.7734166979789734
0.7036926746368408,-0.7156534194946289
0.7036925554275513,-0.6232321858406067
0.7036938071250916,-0.7800182104110718
0.7036938667297363,-0.6743939518928528
0.7036938071250916,-0.7255557179450989
0.7037063837051392,-0.7404091358184814
0.7037064433097839,-0.7123526930809021
0.7037063837051392,-0.7255557179450989
1.142332911491394,-0.42732712626457214
1.1423014402389526,-0.4919201135635376
1.142298936843872,-0.4890493154525757
1.1423331499099731,-0.49407321214675903
1.1423016786575317,-0.49335551261901855
1.1422991752624512,-0.4280448257923126
1.1423122882843018,-0.42660942673683167
1.1422808170318604,-0.4890493154525757
1.1422783136367798,-0.4251740276813507
1.1380958557128906,-0.42445632815361023
1.1380870342254639,-0.4294802248477936
1.138087272644043,-0.4280448257923126
1.1380963325500488,-0.49407321214675903
1.138087511062622,-0.42373862862586975
1.1380877494812012,-0.4912024140357971
1.1380895376205444,-0.4919201135635376
1.1380807161331177,-0.49335551261901855
1.1380808353424072,-0.49407321214675903
0.9657328128814697,-0.6807396411895752
0.9386236667633057,-0.611076831817627
0.965732753276825,-0.6058521270751953
0.9386236667633057,-0.6842228174209595
0.9657387733459473,-0.6789981126785278
0.9386397004127502,-0.6232678294181824
0.9657342433929443,-0.5657960176467896
0.9386209845542908,-0.6163015365600586
0.9657341241836548,-0.6755149364471436
0.9386209845542908,-0.5657960176467896
0.9657402038574219,-0.7086048126220703
0.9386370182037354,-0.6894475221633911
0.9657328128814697,-0.6528745293617249
0.9386236667633057,-0.6493914127349854
0.965732753276825,-0.6354588270187378
0.9386236667633057,-0.5988858342170715
0.9657387733459473,-0.621526300907135
0.9386397004127502,-0.6493914127349854
0.9677104949951172,-0.5360531210899353
0.967710554599762,-0.5285567045211792
0.9676902890205383,-0.5465481281280518
0.9677071571350098,-0.5015696287155151
0.9677072167396545,-0.5630401968955994
0.9676869511604309,-0.5315552949905396
0.9677104949951172,-0.5705366134643555
0.967710554599762,-0.5570430755615234
0.9676902890205383,-0.497071772813797
0.7996864914894104,-0.7048013806343079
0.7996866106987,-0.6155361533164978
0.7996819615364075,-0.7048013806343079
0.7996816039085388,-0.6155361533164978
0.7996817231178284,-0.6080973744392395
0.7996770739555359,-0.6924034357070923
0.7996816039085388,-0.7568727135658264
0.7996817231178284,-0.7072809338569641
0.7996770739555359,-0.5485872626304626
0.9562726616859436,-0.7068632245063782
0.9562726020812988,-0.6145600080490112
0.9562587141990662,-0.5553466081619263
0.9562448859214783,-0.6145600080490112
0.9562447667121887,-0.6389420032501221
0.9562309384346008,-0.705121636390686
0.9562453031539917,-0.6563577055931091
0.9562452435493469,-0.6772565245628357
0.9562313556671143,-0.628492534160614
1.1864463090896606,-0.4230209290981293
1.1864936351776123,-0.4919201135635376
1.186514973640442,-0.4230209290981293
0.7909231781959534,-0.5709035992622375
0.7909231185913086,-0.6328932642936707
0.7909231781959534,-0.6899238228797913
0.7909231781959534,-0.7419952154159546
0.7909231185913086,-0.7122400999069214
0.7909231781959534,-0.6626483798027039
0.7909316420555115,-0.6924034357070923
0.7909316420555115,-0.6899238228797913
0.7909316420555115,-0.6998421549797058
1.1696501970291138,-0.49407321214675903
1.1566503047943115,-0.4230209290981293
1.1696501970291138,-0.4919201135635376
1.1566503047943115,-0.42445632815361023
1.1696629524230957,-0.4258917272090912
1.1566500663757324,-0.4912024140357971
1.1696137189865112,-0.43019792437553406
1.1566078662872314,-0.42445632815361023
1.1696137189865112,-0.42732712626457214
1.1566078662872314,-0.49335551261901855
1.1696265935897827,-0.42445632815361023
1.1566076278686523,-0.4847431182861328
1.1696134805679321,-0.4258917272090912
1.1566078662872314,-0.4287625253200531
1.1696134805679321,-0.49335551261901855
1.1566078662872314,-0.49335551261901855
1.1696263551712036,-0.42732712626457214
1.1566076278686523,-0.42373862862586975
1.0036487579345703,-0.5615409016609192
1.0036488771438599,-0.6350057721138
1.0036487579345703,-0.5690373182296753
1.003698706626892,-0.5450488328933716
1.003698706626892,-0.5420502424240112
1.0036985874176025,-0.500070333480835
1.003698706626892,-0.5510459542274475
1.003698706626892,-0.540550947189331
1.0036985874176025,-0.6335064768791199
0.7350578308105469,-0.7041007876396179
0.9166421890258789,-0.6250094175338745
0.7350580096244812,-0.7734166979789734
0.9166269898414612,-0.6424251198768616
0.7350582480430603,-0.6199314594268799
0.9166271686553955,-0.544897198677063
0.7350577116012573,-0.7024503946304321
0.9166421890258789,-0.6302341222763062
0.7350578904151917,-0.7107023000717163
0.9166269898414612,-0.6023690104484558
0.735058069229126,-0.7800182104110718
0.9166271686553955,-0.6946722269058228
0.735063374042511,-0.6793450713157654
0.9166504740715027,-0.5675376057624817
0.7350635528564453,-0.7288564443588257
0.916635274887085,-0.628492534160614
0.7350637912750244,-0.7305068373680115
0.9166354537010193,-0.621526300907135
1.1405389308929443,-0.48689621686935425
1.1405389308929443,-0.4294802248477936
1.1405781507492065,-0.42373862862586975
1.1405441761016846,-0.49335551261901855
1.1405441761016846,-0.4258917272090912
1.1405833959579468,-0.4280448257923126
1.1405441761016846,-0.42373862862586975
1.1405441761016846,-0.49407321214675903
1.1405833959579468,-0.49048471450805664
1.0519828796386719,-0.5300559997558594
1.0519849061965942,-0.5720359086990356
1.0519828796386719,-0.5435495376586914
1.0519828796386719,-0.5705366134643555
1.0519850254058838,-0.500070333480835
1.0519828796386719,-0.6425021886825562
1.0519790649414062,-0.5675380825996399
1.0519810914993286,-0.5570430755615234
1.0519790649414062,-0.49407321214675903
0.9197773933410645,-0.5657960176467896
1.1806446313858032,-0.4919201135635376
0.919796347618103,-0.5657960176467896
1.180661916732788,-0.4919201135635376
0.919796347618103,-0.5379309058189392
1.180661916732788,-0.45029351115226746
0.9197776317596436,-0.6406835317611694
0.9197965264320374,-0.6964138150215149
1.180661916732788,-0.4251740276813507
0.9197965264320374,-0.6075937151908875
0.9197943806648254,-0.5640544295310974
0.919813334941864,-0.6859643459320068
1.1806622743606567,-0.42660942673683167
0.919813334941864,-0.595402717590332
0.8063944578170776,-0.7543931007385254
0.8063944578170776,-0.6676075458526611
0.8064572811126709,-0.6502504348754883
0.8063944578170776,-0.5461077094078064
0.8063944578170776,-0.6130566000938416
0.8064573407173157,-0.5510668754577637
0.8063817620277405,-0.729597270488739
0.8063817620277405,-0.7469543814659119
0.8064445853233337,-0.5956994891166687
1.0581603050231934,-0.6380043625831604
1.0581603050231934,-0.5240588784217834
1.0581483840942383,-0.5675380825996399
1.0581600666046143,-0.533054530620575
1.0581600666046143,-0.5015696287155151
1.0581481456756592,-0.5705366134643555
1.0581603050231934,-0.5420502424240112
1.0581603050231934,-0.5705366134643555
1.0581483840942383,-0.5570430755615234
0.8968467712402344,-0.6685486435890198
0.8968467712402344,-0.6493914127349854
0.8968572616577148,-0.6493914127349854
0.8968637585639954,-0.6824812293052673
0.8968637585639954,-0.6058521270751953
0.8968742489814758,-0.6929306387901306
0.8968639969825745,-0.5657960176467896
0.8968639969825745,-0.6023690104484558
0.8968745470046997,-0.6023690104484558
0.9822325110435486,-0.5660387873649597
0.9822325110435486,-0.641002893447876
0.9822622537612915,-0.5630401968955994
0.9822377562522888,-0.5690373182296753
0.9822377562522888,-0.627509355545044
0.9822674989700317,-0.641002893447876
0.9822377562522888,-0.5375524163246155
0.9822377562522888,-0.5540444850921631
0.9822674989700317,-0.4955725073814392
1.0681571960449219,-0.500070333480835
1.0681568384170532,-0.5450488328933716
1.0681568384170532,-0.6350057721138
1.0680986642837524,-0.5375524163246155
1.0680983066558838,-0.5360531210899353
1.0680983066558838,-0.5615409016609192
1.0680986642837524,-0.5645394921302795
1.0680983066558838,-0.6395035982131958
1.0680983066558838,-0.5015696287155151
0.9085596203804016,-0.6702902317047119
0.9085595011711121,-0.6006274223327637
0.9085380434989929,-0.6197847127914429
0.9085370898246765,-0.5710207223892212
0.908536970615387,-0.6894475221633911
0.908515453338623,-0.672031819820404
0.9085369110107422,-0.6163015365600586
0.9085367918014526,-0.6163015365600586
0.9085152745246887,-0.6302341222763062
1.086108922958374,-0.49335551261901855
1.0861132144927979,-0.49335551261901855
1.0861132144927979,-0.42373862862586975
1.086108922958374,-0.4230209290981293
1.0861132144927979,-0.42660942673683167
1.0861132144927979,-0.4230209290981293
1.086108922958374,-0.4258917272090912
1.0861132144927979,-0.42660942673683167
1.0861132144927979,-0.4251740276813507
1.0814622640609741,-0.42373862862586975
1.0665560960769653,-0.497071772813797
1.081459641456604,-0.42373862862586975
1.066551923751831,-0.4985710680484772
1.0814622640609741,-0.4258917272090912
1.0665560960769653,-0.627509355545044
1.0814622640609741,-0.4251740276813507
1.0665560960769653,-0.5525452494621277
1.081459641456604,-0.4926378130912781
1.066551923751831,-0.5780330300331116
1.0814622640609741,-0.42445632815361023
1.0665560960769653,-0.5360531210899353
1.081499695777893,-0.4258917272090912
1.0665584802627563,-0.575034499168396
1.081497073173523,-0.4230209290981293
1.0665541887283325,-0.5645394921302795
1.081499695777893,-0.42660942673683167
1.0665584802627563,-0.5690373182296753
0.9839203953742981,-0.5615409016609192
0.9141855239868164,-0.6998969316482544
0.9839203953742981,-0.5630401968955994
0.9141855239868164,-0.611076831817627
0.9839203953742981,-0.5660387873649597
0.9141762852668762,-0.6476498246192932
0.9839245080947876,-0.5495466589927673
0.9141854047775269,-0.6197847127914429
0.9839245080947876,-0.49407321214675903
0.9141854047775269,-0.5605713129043579
0.9839245080947876,-0.5390517115592957
0.9141761064529419,-0.6493914127349854
0.9839208126068115,-0.5690373182296753
0.9141849875450134,-0.6789981126785278
0.9839208126068115,-0.641002893447876
0.9141849875450134,-0.6772565245628357
0.9839208126068115,-0.49407321214675903
0.9141757488250732,-0.6232678294181824
1.1444846391677856,-0.4258917272090912
1.1444844007492065,-0.4912024140357971
1.1444841623306274,-0.4876139163970947
1.1444900035858154,-0.4258917272090912
1.1444897651672363,-0.4919201135635376
1.1444895267486572,-0.4926378130912781
1.1444900035858154,-0.48976701498031616
1.1444897651672363,-0.4230209290981293
1.1444895267486572,-0.4912024140357971
1.0250388383865356,-0.4985710680484772
1.0250390768051147,-0.5555437803268433
1.025039553642273,-0.5030689239501953
1.0250388383865356,-0.5480473637580872
1.0250390768051147,-0.497071772813797
1.025039553642273,-0.5015696287155151
1.0250353813171387,-0.5780330300331116
1.0250356197357178,-0.5345538258552551
1.025036096572876,-0.5720359086990356
0.7300891280174255,-0.6199314594268799
0.730089545249939,-0.7123526930809021
0.7300891280174255,-0.7206045985221863
0.7300891280174255,-0.7684655785560608
0.730089545249939,-0.6842962503433228
0.7300891280174255,-0.7008000016212463
0.7300646901130676,-0.7651647925376892
0.730065107345581,-0.6925480961799622
0.7300646901130676,-0.7387587428092957
0.801338791847229,-0.7171993255615234
0.8013426065444946,-0.682485044002533
0.8013426661491394,-0.6328932642936707
0.801338791847229,-0.6105769872665405
0.8013426065444946,-0.7370359897613525
0.8013426661491394,-0.7147197127342224
0.8012975454330444,-0.6105769872665405
0.8013013601303101,-0.7345564365386963
0.8013014197349548,-0.5684239864349365
1.1479569673538208,-0.4926378130912781
1.1479583978652954,-0.4847431182861328
1.1479604244232178,-0.42732712626457214
1.1479570865631104,-0.42373862862586975
1.1479583978652954,-0.4230209290981293
1.1479604244232178,-0.4912024140357971
1.1479474306106567,-0.4280448257923126
1.1479488611221313,-0.42732712626457214
1.1479508876800537,-0.4919201135635376
0.8515334725379944,-0.7742298245429993
0.8515337109565735,-0.7122400999069214
0.8515600562095642,-0.6080973744392395
0.8515493869781494,-0.7221584916114807
0.8515495657920837,-0.6998421549797058
0.8515759110450745,-0.5461077094078064
0.8515493273735046,-0.6775258779525757
0.851549506187439,-0.5634648203849792
0.8515758514404297,-0.7444747686386108
1.1642268896102905,-0.49407321214675903
1.164226770401001,-0.42732712626457214
1.1641981601715088,-0.4280448257923126
1.164226770401001,-0.42445632815361023
1.164226770401001,-0.48976701498031616
1.1641981601715088,-0.48976701498031616
1.1642229557037354,-0.4926378130912781
1.1642228364944458,-0.4258917272090912
1.1641942262649536,-0.4890493154525757
0.9123607873916626,-0.5710207223892212
0.9123609662055969,-0.6145600080490112
0.9123196005821228,-0.6824812293052673
0.9123462438583374,-0.5710207223892212
0.9123464226722717,-0.6058521270751953
0.9123050570487976,-0.6824812293052673
0.9123462438583374,-0.6302341222763062
0.9123464226722717,-0.5501219034194946
0.9123050570487976,-0.6302341222763062
1.185018539428711,-0.4854608178138733
1.184994101524353,-0.45388200879096985
1.1850184202194214,-0.4890493154525757
1.1850132942199707,-0.49048471450805664
1.1849888563156128,-0.45747050642967224
1.1310964822769165,-0.4258917272090912
1.1310964822769165,-0.42373862862586975
1.1310977935791016,-0.42660942673683167
1.131101131439209,-0.49048471450805664
1.131101131439209,-0.4919201135635376
1.1311023235321045,-0.4890493154525757
1.1311010122299194,-0.42445632815361023
1.1311010122299194,-0.49048471450805664
1.1311023235321045,-0.42445632815361023
0.7407395243644714,-0.682645857334137
0.7407398819923401,-0.7800182104110718
0.7407395243644714,-0.7074015140533447
0.7407395839691162,-0.7750670909881592
0.7407399415969849,-0.6760443449020386
0.7407395839691162,-0.7057511806488037
0.7407395243644714,-0.7156534194946289
0.7407398819923401,-0.7618640661239624
0.7407395243644714,-0.7140030264854431
1.0871658325195312,-0.4919201135635376
1.0871679782867432,-0.48689621686935425
1.0871658325195312,-0.4890493154525757
1.087164282798767,-0.4912024140357971
1.087166428565979,-0.4890493154525757
1.087164282798767,-0.42445632815361023
1.0871658325195312,-0.49407321214675903
1.0871679782867432,-0.48402541875839233
1.0871658325195312,-0.4890493154525757
1.0639026165008545,-0.5585423707962036
1.0639060735702515,-0.6290086507797241
1.0639121532440186,-0.5510459542274475
1.0639026165008545,-0.5735352039337158
1.0639060735702515,-0.5540444850921631
1.0639121532440186,-0.5030689239501953
1.063894271850586,-0.6395035982131958
1.0638978481292725,-0.5675380825996399
1.06390380859375,-0.6380043625831604
0.8305993676185608,-0.5634648203849792
0.8305987119674683,-0.6973626017570496
0.8306028842926025,-0.5609852075576782
0.8305992484092712,-0.600658655166626
0.8305985331535339,-0.7072809338569641
0.8306027054786682,-0.6056178212165833
0.8306208848953247,-0.7147197127342224
0.8306201696395874,-0.7320768237113953
0.8306243419647217,-0.5386689305305481
1.0751971006393433,-0.4919201135635376
1.075173020362854,-0.48976701498031616
1.075173020362854,-0.43019792437553406
1.0751971006393433,-0.4919201135635376
1.075173020362854,-0.4258917272090912
1.075173020362854,-0.4926378130912781
1.075239658355713,-0.4258917272090912
1.0752156972885132,-0.49048471450805664
1.0752156972885132,-0.42373862862586975
1.0897376537322998,-0.4251740276813507
1.0897397994995117,-0.4251740276813507
1.089729905128479,-0.4251740276813507
1.089737057685852,-0.42660942673683167
1.089739203453064,-0.4230209290981293
1.0897294282913208,-0.4926378130912781
1.0897376537322998,-0.42373862862586975
1.0897397994995117,-0.4926378130912781
1.089729905128479,-0.42660942673683167
0.8500286340713501,-0.7048013806343079
0.8499651551246643,-0.6750463247299194
0.8499655723571777,-0.6626483798027039
0.8500286340713501,-0.7469543814659119
0.8499651551246643,-0.6800054907798767
0.8499655723571777,-0.6328932642936707
0.8500245213508606,-0.7494339346885681
0.8499610424041748,-0.6800054907798767
0.8499614596366882,-0.6948829889297485
0.9994931817054749,-0.6290086507797241
0.999541699886322,-0.5600416660308838
0.9995413422584534,-0.5030689239501953
0.9994932413101196,-0.5615409016609192
0.9995417594909668,-0.4985710680484772
0.9995414018630981,-0.5660387873649597
0.9995096325874329,-0.5585423707962036
0.99955815076828,-0.4955725073814392
0.9995577931404114,-0.5390517115592957
0.9039347767829895,-0.6093353033065796
0.9039141535758972,-0.687705934047699
0.9039142727851868,-0.7068632245063782
0.9039345979690552,-0.5657960176467896
0.9039140343666077,-0.687705934047699
0.9039141535758972,-0.7033800482749939
0.9039763808250427,-0.6737734079360962
0.9039557576179504,-0.6911891102790833
0.90395587682724,-0.7068632245063782
1.0619776248931885,-0.5630401968955994
1.0619776248931885,-0.5345538258552551
1.0619964599609375,-0.497071772813797
1.0619776248931885,-0.5795323252677917
1.0619776248931885,-0.5285567045211792
1.0619964599609375,-0.5705366134643555
1.0620030164718628,-0.5375524163246155
1.0620030164718628,-0.5345538258552551
1.0620218515396118,-0.4985710680484772
1.153367519378662,-0.42660942673683167
1.153367519378662,-0.49407321214675903
1.153385043144226,-0.49335551261901855
1.1534415483474731,-0.4287625253200531
1.1534415483474731,-0.4230209290981293
1.1534589529037476,-0.4251740276813507
1.1534416675567627,-0.4912024140357971
1.1534416675567627,-0.42660942673683167
1.1534591913223267,-0.4926378130912781
0.8366910219192505,-0.7147197127342224
0.8366910219192505,-0.6750463247299194
0.8366910219192505,-0.682485044002533
0.836691677570343,-0.684964656829834
0.836691677570343,-0.7320768237113953
0.836691677570343,-0.6800054907798767
0.8366910219192505,-0.5461077094078064
0.8366910219192505,-0.7494339346885681
0.8366910219192505,-0.7643114924430847
1.0625790357589722,-0.5285567045211792
1.0625790357589722,-0.5390517115592957
1.06256902217865,-0.5375524163246155
1.0625760555267334,-0.4955725073814392
1.0625760555267334,-0.497071772813797
1.0625660419464111,-0.5675380825996399
1.0625790357589722,-0.6200129389762878
1.0625790357589722,-0.5300559997558594
1.06256902217865,-0.6365050673484802
0.9107904434204102,-0.6197847127914429
0.9107902646064758,-0.6023690104484558
0.9107834696769714,-0.6998969316482544
0.9108074307441711,-0.6476498246192932
0.9108073115348816,-0.7016385197639465
0.9108005166053772,-0.6702902317047119
0.9108075499534607,-0.6685486435890198
0.9108073711395264,-0.5414140224456787
0.910800576210022,-0.6163015365600586
1.057517409324646,-0.5570430755615234
1.057539939880371,-0.5060674548149109
1.0575412511825562,-0.5705366134643555
1.057517409324646,-0.5450488328933716
1.057539939880371,-0.5390517115592957
1.0575412511825562,-0.5360531210899353
1.0575082302093506,-0.6350057721138
1.0575307607650757,-0.5105653405189514
1.0575320720672607,-0.5315552949905396
0.9705018997192383,-0.5015696287155151
0.9705004692077637,-0.5060674548149109
0.9705018997192383,-0.6395035982131958
0.9705018997192383,-0.5690373182296753
0.9705004692077637,-0.5375524163246155
0.9705018997192383,-0.6365050673484802
0.9705082774162292,-0.540550947189331
0.9705068469047546,-0.5480473637580872
0.9705082774162292,-0.5555437803268433
0.6292938590049744,-0.6843565702438354
0.6292977929115295,-0.6991404294967651
0.6292938590049744,-0.7346217632293701
0.6292941570281982,-0.6961836814880371
0.6292981505393982,-0.7908004522323608
0.6292941570281982,-0.7168810963630676
0.6292956471443176,-0.7109675407409668
0.6292996406555176,-0.7627111077308655
0.6292956471443176,-0.818889856338501
1.166214108467102,-0.42445632815361023
1.1662137508392334,-0.49335551261901855
1.166214108467102,-0.49407321214675903
1.1662100553512573,-0.42373862862586975
1.1662096977233887,-0.4890493154525757
1.1662100553512573,-0.42445632815361023
1.1662328243255615,-0.42373862862586975
1.1662324666976929,-0.42445632815361023
1.1662328243255615,-0.49407321214675903
1.1150480508804321,-0.48976701498031616
1.115048885345459,-0.48976701498031616
1.1150480508804321,-0.42445632815361023
1.1150479316711426,-0.42373862862586975
1.1150487661361694,-0.4919201135635376
1.1150479316711426,-0.4287625253200531
1.115077257156372,-0.4890493154525757
1.115078091621399,-0.49335551261901855
1.115077257156372,-0.4912024140357971
0.8785046935081482,-0.6650655269622803
0.8785048723220825,-0.6964138150215149
0.8785049915313721,-0.6441667079925537
0.8785110116004944,-0.6493914127349854
0.8785111904144287,-0.6302341222763062
0.8785113096237183,-0.611076831817627
0.8785110116004944,-0.6894475221633911
0.8785111904144287,-0.687705934047699
0.8785113096237183,-0.6702902317047119
0.981214165687561,-0.6305079460144043
0.9812155961990356,-0.5390517115592957
0.9812155961990356,-0.497071772813797
0.9811977744102478,-0.5060674548149109
0.9811992049217224,-0.5630401968955994
0.9811992049217224,-0.5390517115592957
0.9811980128288269,-0.5030689239501953
0.9811994433403015,-0.5375524163246155
0.9811994433403015,-0.6365050673484802
1.0557817220687866,-0.5240588784217834
1.0557752847671509,-0.5345538258552551
1.0557752847671509,-0.5765337347984314
1.055776596069336,-0.6350057721138
1.0557701587677002,-0.5450488328933716
1.0557701587677002,-0.5660387873649597
1.055776596069336,-0.5045682191848755
1.0557701587677002,-0.5810316205024719
1.0557701587677002,-0.5300559997558594
0.7183934450149536,-0.6925480961799622
0.7183935642242432,-0.7024503946304321
0.7183824181556702,-0.6809954643249512
0.7183926701545715,-0.6908977627754211
0.7183927893638611,-0.7470106482505798
0.7183816432952881,-0.745360255241394
0.7183934450149536,-0.7024503946304321
0.7183935642242432,-0.7024503946304321
0.7183824181556702,-0.7420595288276672
1.1585206985473633,-0.49407321214675903
1.1585208177566528,-0.4919201135635376
1.1585034132003784,-0.49048471450805664
1.1585224866867065,-0.4251740276813507
1.1585224866867065,-0.4251740276813507
1.1585052013397217,-0.4912024140357971
1.1585206985473633,-0.49407321214675903
1.1585208177566528,-0.49407321214675903
1.1585034132003784,-0.42660942673683167
0.86958909034729,-0.6337172389030457
0.86958909034729,-0.7016385197639465
0.8695889115333557,-0.6476498246192932
0.8695927858352661,-0.6563577055931091
0.8695927858352661,-0.6093353033065796
0.8695926666259766,-0.6702902317047119
0.86958909034729,-0.6232678294181824
0.86958909034729,-0.5553466081619263
0.8695889115333557,-0.6424251198768616
1.0802942514419556,-0.4912024140357971
1.080304741859436,-0.42660942673683167
1.080304741859436,-0.42732712626457214
1.0802849531173706,-0.4912024140357971
1.0802953243255615,-0.42732712626457214
1.0802953243255615,-0.4251740276813507
1.0802850723266602,-0.42373862862586975
1.0802955627441406,-0.49335551261901855
1.0802955627441406,-0.4854608178138733
1.1290863752365112,-0.4912024140357971
0.719206690788269,-0.7206045985221863
1.1290727853775024,-0.49335551261901855
0.7192270755767822,-0.7404091358184814
1.1290730237960815,-0.42373862862586975
0.7192268967628479,-0.7503113746643066
1.1291195154190063,-0.42660942673683167
0.7192209959030151,-0.7635144591331482
1.129106044769287,-0.49407321214675903
0.7192413806915283,-0.745360255241394
1.1291061639785767,-0.4919201135635376
0.7192412614822388,-0.6974992752075195
1.1291193962097168,-0.4883316159248352
0.7192209959030151,-0.7734166979789734
1.1291059255599976,-0.4926378130912781
0.7192413806915283,-0.7140030264854431
1.129106044769287,-0.49335551261901855
0.7192412614822388,-0.6958488821983337
1.0119532346725464,-0.5720359086990356
1.0119532346725464,-0.5435495376586914
1.0119531154632568,-0.4955725073814392
1.0119534730911255,-0.5360531210899353
1.0119534730911255,-0.5720359086990356
1.011953353881836,-0.5315552949905396
1.0119532346725464,-0.5720359086990356
1.0119532346725464,-0.500070333480835
1.0119531154632568,-0.5360531210899353
1.086982011795044,-0.4258917272090912
1.0869593620300293,-0.4926378130912781
1.0869605541229248,-0.431633323431015
1.086982011795044,-0.42660942673683167
1.0869593620300293,-0.42660942673683167
1.0869605541229248,-0.4294802248477936
1.0869953632354736,-0.4251740276813507
1.0869728326797485,-0.42732712626457214
1.086974024772644,-0.42660942673683167
