pair distance kmc [A],coulomb binding energy [eV]
0.9353250861167908,-0.525804340839386
0.935325026512146,-0.5537320971488953
0.9353238940238953,-0.5548062324523926
0.9353033900260925,-0.6235514879226685
0.9353033900260925,-0.5462130904197693
0.9353022575378418,-0.5612511038780212
0.9353052973747253,-0.5558803677558899
0.9353052973747253,-0.552657961845398
0.9353041648864746,-0.5225818753242493
0.9975886344909668,-0.6278480291366577
0.9975886344909668,-0.6278480291366577
0.9975630044937134,-0.6278480291366577
0.9975411295890808,-0.6278480291366577
0.9975411295890808,-0.6278480291366577
0.9975154995918274,-0.6278480291366577
0.9975448250770569,-0.6278480291366577
0.9975448250770569,-0.6278480291366577
0.9975191950798035,-0.6278480291366577
1.1658086776733398,-0.47947049140930176
1.005648136138916,-0.6278480291366577
1.1390666961669922,-0.47947049140930176
0.7098172903060913,-0.7071543335914612
0.6371101140975952,-0.6920927166938782
1.1658087968826294,-0.47947049140930176
1.005648136138916,-0.6278480291366577
1.1390666961669922,-0.47947049140930176
0.7098172903060913,-0.7284210920333862
0.6371099948883057,-0.6920927166938782
1.1657975912094116,-0.47947049140930176
1.0056480169296265,-0.6278480291366577
1.1390742063522339,-0.47947049140930176
0.7098314762115479,-0.7658911347389221
0.6371046304702759,-0.75291508436203
1.1658087968826294,-0.47947049140930176
1.0056480169296265,-0.6278480291366577
1.1390665769577026,-0.47947049140930176
0.70981764793396,-0.6686716079711914
0.6371101140975952,-0.7339925765991211
1.165808916091919,-0.47947049140930176
1.0056480169296265,-0.6278480291366577
1.1390665769577026,-0.47947049140930176
0.70981764793396,-0.7263957262039185
0.6371099352836609,-0.6907411217689514
1.1657977104187012,-0.47947049140930176
1.0056480169296265,-0.6278480291366577
1.1390740871429443,-0.47947049140930176
0.7098317742347717,-0.6686716079711914
0.6371045708656311,-0.6934443116188049
1.1657886505126953,-0.47947049140930176
1.0056225061416626,-0.6278480291366577
1.1390745639801025,-0.47947049140930176
0.7097612619400024,-0.7091797590255737
0.6371180415153503,-0.7549424767494202
1.1657886505126953,-0.47947049140930176
1.0056225061416626,-0.6278480291366577
1.1390745639801025,-0.47947049140930176
0.7097612619400024,-0.7213321924209595
0.6371179223060608,-0.6981749534606934
1.165777564048767,-0.47947049140930176
1.005622386932373,-0.6278480291366577
1.1390820741653442,-0.47947049140930176
0.709775447845459,-0.7638657093048096
0.6371124982833862,-0.7292619347572327
1.1068998575210571,-0.47947049140930176
1.1068998575210571,-0.47947049140930176
1.1069234609603882,-0.47947049140930176
1.1069294214248657,-0.47947049140930176
1.1069294214248657,-0.47947049140930176
1.1069529056549072,-0.47947049140930176
1.1069295406341553,-0.47947049140930176
1.1069295406341553,-0.47947049140930176
1.1906617879867554,-0.4084884226322174
1.1069530248641968,-0.47947049140930176
0.8394724726676941,-0.6753072142601013
0.8394725322723389,-0.6896053552627563
0.8394740223884583,-0.5952378511428833
0.8394725918769836,-0.6567196846008301
0.8394725918769836,-0.6824562549591064
0.839474081993103,-0.5995272994041443
0.8394588828086853,-0.6795966625213623
0.8394588828086853,-0.5995272994041443
0.8394603729248047,-0.5966676473617554
0.9096994400024414,-0.6590691208839417
0.9096994400024414,-0.5963829159736633
0.9097161889076233,-0.5528508424758911
0.9096990823745728,-0.678223192691803
0.9096990823745728,-0.5563334226608276
0.9097158312797546,-0.6590691208839417
0.9096906781196594,-0.5911590456962585
0.9096906781196594,-0.6050893068313599
0.9097074866294861,-0.5789700746536255
1.1241612434387207,-0.47947049140930176
1.1241612434387207,-0.47947049140930176
1.1241625547409058,-0.47947049140930176
1.1241610050201416,-0.47947049140930176
1.1241610050201416,-0.47947049140930176
1.1241623163223267,-0.47947049140930176
1.124198317527771,-0.47947049140930176
1.124198317527771,-0.47947049140930176
1.124199628829956,-0.47947049140930176
1.0685118436813354,-0.47947049140930176
1.068511724472046,-0.47947049140930176
1.068528652191162,-0.47947049140930176
1.0685174465179443,-0.47947049140930176
1.0685173273086548,-0.47947049140930176
1.0685343742370605,-0.47947049140930176
1.0685173273086548,-0.47947049140930176
1.0685172080993652,-0.47947049140930176
1.068534255027771,-0.47947049140930176
1.0304536819458008,-0.47947049140930176
1.0304538011550903,-0.47947049140930176
1.0304536819458008,-0.47947049140930176
1.0303924083709717,-0.47947049140930176
1.0303924083709717,-0.47947049140930176
1.0303924083709717,-0.47947049140930176
1.0303925275802612,-0.47947049140930176
1.0303926467895508,-0.47947049140930176
1.0303925275802612,-0.47947049140930176
1.0290905237197876,-0.47947049140930176
1.0290905237197876,-0.47947049140930176
1.0290882587432861,-0.47947049140930176
1.0290937423706055,-0.47947049140930176
1.0290937423706055,-0.47947049140930176
1.029091477394104,-0.47947049140930176
1.0290910005569458,-0.47947049140930176
1.0290910005569458,-0.47947049140930176
1.0290886163711548,-0.47947049140930176
0.7536977529525757,-0.7162686586380005
0.753689169883728,-0.6929765343666077
0.7536893486976624,-0.6858875751495361
0.753709077835083,-0.7122178673744202
0.7537004351615906,-0.7344973683357239
0.7537006735801697,-0.7223448753356934
0.753709077835083,-0.7648784518241882
0.7537004351615906,-0.7557641267776489
0.7537006735801697,-0.6960146427154541
1.1674240827560425,-0.47947049140930176
1.1674281358718872,-0.47947049140930176
1.1674281358718872,-0.47947049140930176
1.1674240827560425,-0.47947049140930176
1.1674280166625977,-0.47947049140930176
1.1674280166625977,-0.47947049140930176
1.1674057245254517,-0.47947049140930176
1.1674097776412964,-0.47947049140930176
1.1674097776412964,-0.47947049140930176
0.9326392412185669,-0.6246256232261658
0.9326392412185669,-0.5472872257232666
0.9326394200325012,-0.521507740020752
0.9326356053352356,-0.5548062324523926
0.9326356053352356,-0.6256997585296631
0.9326357841491699,-0.5343974828720093
0.9326470494270325,-0.6267738938331604
0.9326470494270325,-0.552657961845398
0.9326472282409668,-0.5279526114463806
1.0928928852081299,-0.47947049140930176
1.0928915739059448,-0.47947049140930176
1.0928928852081299,-0.47947049140930176
1.092873454093933,-0.47947049140930176
1.092872142791748,-0.47947049140930176
1.092873454093933,-0.47947049140930176
1.0928735733032227,-0.47947049140930176
1.0928722620010376,-0.47947049140930176
1.0928735733032227,-0.47947049140930176
1.0355311632156372,-0.47947049140930176
1.1670397520065308,-0.47947049140930176
1.0354927778244019,-0.47947049140930176
1.167053461074829,-0.47947049140930176
1.0354927778244019,-0.47947049140930176
1.1670535802841187,-0.47947049140930176
1.0355446338653564,-0.47947049140930176
1.1670684814453125,-0.47947049140930176
1.035506248474121,-0.47947049140930176
1.1670823097229004,-0.47947049140930176
1.035506248474121,-0.47947049140930176
1.1670823097229004,-0.47947049140930176
1.0355446338653564,-0.47947049140930176
1.167068362236023,-0.47947049140930176
1.035506248474121,-0.47947049140930176
1.1670821905136108,-0.47947049140930176
1.035506248474121,-0.47947049140930176
1.1670821905136108,-0.47947049140930176
1.149556040763855,-0.47947049140930176
1.14957594871521,-0.47947049140930176
1.1495760679244995,-0.47947049140930176
1.1495428085327148,-0.47947049140930176
1.1495627164840698,-0.47947049140930176
1.1495628356933594,-0.47947049140930176
1.1495429277420044,-0.47947049140930176
1.1495628356933594,-0.47947049140930176
1.149562954902649,-0.47947049140930176
1.0089703798294067,-0.6278480291366577
1.0090018510818481,-0.6278480291366577
1.0090018510818481,-0.6278480291366577
1.008963942527771,-0.6278480291366577
1.0089954137802124,-0.6278480291366577
1.0089954137802124,-0.6278480291366577
1.0089640617370605,-0.6278480291366577
1.008995532989502,-0.6278480291366577
1.008995532989502,-0.6278480291366577
1.0507289171218872,-0.47947049140930176
1.0507338047027588,-0.47947049140930176
1.0507289171218872,-0.47947049140930176
1.0507289171218872,-0.47947049140930176
1.0507338047027588,-0.47947049140930176
1.0507289171218872,-0.47947049140930176
1.0507287979125977,-0.47947049140930176
1.0507336854934692,-0.47947049140930176
1.0507287979125977,-0.47947049140930176
0.9268373250961304,-0.5505096316337585
0.9268372654914856,-0.525804340839386
0.9268413782119751,-0.5236560106277466
0.9268375039100647,-0.5537320971488953
0.9268373847007751,-0.5569545030593872
0.9268414974212646,-0.5225818753242493
0.9268252849578857,-0.521507740020752
0.926825225353241,-0.6235514879226685
0.9268293380737305,-0.5591028332710266
0.8940863609313965,-0.6050893068313599
0.8940865993499756,-0.6050893068313599
0.8940868377685547,-0.6886709332466125
0.8940863013267517,-0.5911590456962585
0.8940865397453308,-0.5911590456962585
0.8940867781639099,-0.5981242060661316
0.8940815925598145,-0.5772287845611572
0.8940818309783936,-0.5545921325683594
0.8940820693969727,-0.6225021481513977
0.7185127139091492,-0.7304465174674988
0.7185128331184387,-0.766903817653656
0.7185127139091492,-0.7608276009559631
0.7185016870498657,-0.7638657093048096
0.7185018658638,-0.7253829836845398
0.7185016870498657,-0.6717097163200378
0.7185017466545105,-0.7041162252426147
0.7185018658638,-0.6980400085449219
0.7185017466545105,-0.7334846258163452
0.7860544323921204,-0.6865148544311523
0.7860034108161926,-0.5987035036087036
0.7860034108161926,-0.7091329097747803
0.7860376834869385,-0.650592029094696
0.7859866619110107,-0.7211071848869324
0.7859866619110107,-0.6971586346626282
0.7860378623008728,-0.6013644337654114
0.7859867811203003,-0.6572443842887878
0.7859867811203003,-0.6851843595504761
0.8486628532409668,-0.6066763401031494
0.8487085700035095,-0.5980974435806274
0.8487083315849304,-0.6724476218223572
0.8486611843109131,-0.5580627918243408
0.8487069010734558,-0.6695879697799683
0.8487067222595215,-0.5909484028816223
0.8486612439155579,-0.6023868918418884
0.8487069606781006,-0.6853159070014954
0.8487067222595215,-0.6166850328445435
0.7947009801864624,-0.6678881645202637
0.7946981191635132,-0.677201509475708
0.7946981191635132,-0.5973730087280273
0.7947009801864624,-0.6705491542816162
0.7946981191635132,-0.7237681150436401
0.7946981191635132,-0.707802414894104
0.7947009801864624,-0.6825234293937683
0.7946981191635132,-0.6998195648193359
0.7946981191635132,-0.6785320043563843
1.1515073776245117,-0.47947049140930176
1.1515225172042847,-0.47947049140930176
1.1515223979949951,-0.47947049140930176
1.1515073776245117,-0.47947049140930176
1.1515225172042847,-0.47947049140930176
1.1515223979949951,-0.47947049140930176
1.1515092849731445,-0.47947049140930176
1.1515244245529175,-0.47947049140930176
1.151524305343628,-0.47947049140930176
1.1609079837799072,-0.47947049140930176
1.1609082221984863,-0.47947049140930176
1.1608726978302002,-0.47947049140930176
1.1609079837799072,-0.47947049140930176
1.1609082221984863,-0.47947049140930176
1.1608726978302002,-0.47947049140930176
1.1609026193618774,-0.47947049140930176
1.1609028577804565,-0.47947049140930176
1.1608673334121704,-0.47947049140930176
1.1461820602416992,-0.47947049140930176
1.146144986152649,-0.47947049140930176
1.1461447477340698,-0.47947049140930176
1.1461820602416992,-0.47947049140930176
1.146144986152649,-0.47947049140930176
1.1461447477340698,-0.47947049140930176
1.1461820602416992,-0.47947049140930176
1.146144986152649,-0.47947049140930176
1.1461447477340698,-0.47947049140930176
0.6939897537231445,-0.7598149180412292
0.6939895749092102,-0.6950019001960754
0.6939808130264282,-0.7334846258163452
0.693996250629425,-0.6950019001960754
0.693996012210846,-0.7263957262039185
0.693987250328064,-0.7010781168937683
0.693996250629425,-0.7081670761108398
0.693996012210846,-0.6899384260177612
0.693987250328064,-0.6737351417541504
1.1329514980316162,-0.47947049140930176
1.1329513788223267,-0.47947049140930176
1.1329553127288818,-0.47947049140930176
1.1330057382583618,-0.47947049140930176
1.1330057382583618,-0.47947049140930176
1.1330095529556274,-0.47947049140930176
1.1330057382583618,-0.47947049140930176
1.1330057382583618,-0.47947049140930176
1.1330095529556274,-0.47947049140930176
1.1860265731811523,-0.4084884226322174
1.1827393770217896,-0.4084884226322174
1.1827452182769775,-0.4084884226322174
1.1827452182769775,-0.4084884226322174
1.1827449798583984,-0.4084884226322174
1.0409010648727417,-0.47947049140930176
1.040902018547058,-0.47947049140930176
1.040902018547058,-0.47947049140930176
1.0409009456634521,-0.47947049140930176
1.0409018993377686,-0.47947049140930176
1.0409018993377686,-0.47947049140930176
1.0409010648727417,-0.47947049140930176
1.040902018547058,-0.47947049140930176
1.040902018547058,-0.47947049140930176
1.0979746580123901,-0.47947049140930176
1.0979716777801514,-0.47947049140930176
1.0979870557785034,-0.47947049140930176
1.0979746580123901,-0.47947049140930176
1.0979716777801514,-0.47947049140930176
1.097987174987793,-0.47947049140930176
1.0979745388031006,-0.47947049140930176
1.0979715585708618,-0.47947049140930176
1.0979870557785034,-0.47947049140930176
0.6564142107963562,-0.6954717040061951
0.6564142107963562,-0.7198007106781006
0.6564158201217651,-0.7569699287414551
0.6564142107963562,-0.7137184143066406
0.6564142107963562,-0.7191248536109924
0.6564158201217651,-0.6934443116188049
0.6564093232154846,-0.6941201090812683
0.6564093232154846,-0.7326409816741943
0.6564109921455383,-0.6907411217689514
1.179192304611206,-0.47947049140930176
1.179193139076233,-0.47947049140930176
1.179192304611206,-0.47947049140930176
1.179192304611206,-0.47947049140930176
1.1791845560073853,-0.47947049140930176
1.1791845560073853,-0.47947049140930176
0.6671634316444397,-0.6909511089324951
0.6671634316444397,-0.7263957262039185
0.667167603969574,-0.7608276009559631
0.6671631932258606,-0.7223448753356934
0.6671631932258606,-0.7608276009559631
0.6671673655509949,-0.7608276009559631
0.6671349406242371,-0.6939892172813416
0.6671349406242371,-0.7598149180412292
0.6671391129493713,-0.7091797590255737
1.1820404529571533,-0.47947049140930176
1.1820406913757324,-0.47947049140930176
1.1820416450500488,-0.47947049140930176
1.1820416450500488,-0.47947049140930176
1.1820614337921143,-0.47947049140930176
1.1820616722106934,-0.47947049140930176
1.182977318763733,-0.4084884226322174
1.1829777956008911,-0.4084884226322174
1.182992935180664,-0.4084884226322174
0.7351900339126587,-0.6950019001960754
0.7351952791213989,-0.7152559757232666
0.7351952195167542,-0.7223448753356934
0.735190212726593,-0.7081670761108398
0.7351954579353333,-0.6727224588394165
0.7351953983306885,-0.6686716079711914
0.7351653575897217,-0.7294338345527649
0.7351706027984619,-0.7223448753356934
0.7351705431938171,-0.7091797590255737
0.7384738326072693,-0.7122178673744202
0.7384739518165588,-0.7284210920333862
0.7384799718856812,-0.7203195095062256
0.7384737133979797,-0.7324719429016113
0.7384738326072693,-0.713230550289154
0.7384798526763916,-0.7243703007698059
0.7384390830993652,-0.691963791847229
0.73843914270401,-0.7618403434753418
0.7384451627731323,-0.7000654339790344
0.9407094120979309,-0.6256997585296631
0.9407115578651428,-0.5505096316337585
0.9407094120979309,-0.5515837669372559
0.9407095909118652,-0.5515837669372559
0.9407117366790771,-0.5268784761428833
0.9407095909118652,-0.6224773526191711
0.9407094120979309,-0.6267738938331604
0.9407115578651428,-0.6224773526191711
0.9407094120979309,-0.6246256232261658
1.152278184890747,-0.47947049140930176
1.1680775880813599,-0.47947049140930176
1.1522976160049438,-0.47947049140930176
1.1681134700775146,-0.47947049140930176
1.1522973775863647,-0.47947049140930176
1.152278184890747,-0.47947049140930176
1.1680799722671509,-0.47947049140930176
1.1522976160049438,-0.47947049140930176
1.1681157350540161,-0.47947049140930176
1.1522973775863647,-0.47947049140930176
1.1681156158447266,-0.47947049140930176
1.1522778272628784,-0.47947049140930176
1.1680893898010254,-0.47947049140930176
1.1522971391677856,-0.47947049140930176
1.1681252717971802,-0.47947049140930176
1.1522969007492065,-0.47947049140930176
1.1681251525878906,-0.47947049140930176
1.0499738454818726,-0.47947049140930176
1.050019383430481,-0.47947049140930176
1.050019383430481,-0.47947049140930176
1.0499738454818726,-0.47947049140930176
1.050019383430481,-0.47947049140930176
1.050019383430481,-0.47947049140930176
1.0499813556671143,-0.47947049140930176
1.0500268936157227,-0.47947049140930176
1.0500268936157227,-0.47947049140930176
0.8044570684432983,-0.6905062794685364
0.8044580221176147,-0.681192934513092
0.8044580221176147,-0.70381098985672
0.8044569492340088,-0.7024805545806885
0.8044579029083252,-0.6718795895576477
0.8044579029083252,-0.5973730087280273
0.8044173121452332,-0.6984891295433044
0.8044182658195496,-0.6878452897071838
0.8044182062149048,-0.6984891295433044
0.658149242401123,-0.6950019001960754
0.6581482887268066,-0.7648784518241882
0.658149242401123,-0.7243703007698059
0.6581470966339111,-0.7031035423278809
0.6581461429595947,-0.723357617855072
0.6581470966339111,-0.7051289677619934
0.658149242401123,-0.7010781168937683
0.6581482887268066,-0.7274084091186523
0.658149242401123,-0.7172814011573792
0.6795594692230225,-0.713230550289154
0.6795608997344971,-0.7274084091186523
0.6795594692230225,-0.691963791847229
0.6795616149902344,-0.6950019001960754
0.679563045501709,-0.7537387013435364
0.6795616149902344,-0.7284210920333862
0.6795594692230225,-0.7142432928085327
0.6795608997344971,-0.7334846258163452
0.6795594692230225,-0.7061416506767273
0.6926383376121521,-0.7355100512504578
0.6926347017288208,-0.6909511089324951
0.6926347017288208,-0.7162686586380005
0.6926376223564148,-0.7557641267776489
0.6926339864730835,-0.766903817653656
0.6926339864730835,-0.7658911347389221
0.6926383376121521,-0.7051289677619934
0.6926347017288208,-0.691963791847229
0.6926347017288208,-0.702090859413147
1.0682237148284912,-0.47947049140930176
1.0682120323181152,-0.47947049140930176
1.0682121515274048,-0.47947049140930176
1.1838150024414062,-0.4084884226322174
1.0682274103164673,-0.47947049140930176
1.1837950944900513,-0.4084884226322174
1.0682157278060913,-0.47947049140930176
1.1838152408599854,-0.4084884226322174
1.0682158470153809,-0.47947049140930176
1.0681750774383545,-0.47947049140930176
1.183845043182373,-0.4084884226322174
1.0681633949279785,-0.47947049140930176
1.1838651895523071,-0.4084884226322174
1.068163514137268,-0.47947049140930176
1.1102296113967896,-0.47947049140930176
1.1102168560028076,-0.47947049140930176
1.1102168560028076,-0.47947049140930176
1.110228419303894,-0.47947049140930176
1.110215663909912,-0.47947049140930176
1.110215663909912,-0.47947049140930176
1.1102296113967896,-0.47947049140930176
1.1102168560028076,-0.47947049140930176
1.1102168560028076,-0.47947049140930176
0.7687132358551025,-0.5987035036087036
0.7687125205993652,-0.681192934513092
0.7687028646469116,-0.6798624396324158
0.7687138915061951,-0.7051414847373962
0.7687131762504578,-0.6705491542816162
0.7687035202980042,-0.681192934513092
0.7687138915061951,-0.6572443842887878
0.7687131762504578,-0.5987035036087036
0.7687035202980042,-0.650592029094696
0.9786956310272217,-0.6278480291366577
0.9786955118179321,-0.6278480291366577
0.9787322878837585,-0.6278480291366577
0.9787118434906006,-0.6278480291366577
0.9787117838859558,-0.6278480291366577
0.9787485003471375,-0.6278480291366577
0.9787119626998901,-0.6278480291366577
0.9787118434906006,-0.6278480291366577
0.978748619556427,-0.6278480291366577
0.6515397429466248,-0.7326409816741943
0.65153968334198,-0.7542666792869568
0.6515505313873291,-0.7346683740615845
0.6515398025512695,-0.7164216637611389
0.6515397429466248,-0.6934443116188049
0.6515505909919739,-0.7143942713737488
0.6515398621559143,-0.7339925765991211
0.6515398621559143,-0.7258829474449158
0.6515506505966187,-0.6927685141563416
0.7362713813781738,-0.7081670761108398
0.7363190054893494,-0.6980400085449219
0.7363191246986389,-0.7648784518241882
0.7362763285636902,-0.7263957262039185
0.7363239526748657,-0.670697033405304
0.7363240718841553,-0.7588022351264954
0.7362762689590454,-0.6676589250564575
0.736323893070221,-0.6929765343666077
0.7363240122795105,-0.7618403434753418
1.1429462432861328,-0.47947049140930176
1.142946481704712,-0.47947049140930176
1.142919659614563,-0.47947049140930176
1.1429461240768433,-0.47947049140930176
1.1429463624954224,-0.47947049140930176
1.1429195404052734,-0.47947049140930176
1.1429461240768433,-0.47947049140930176
1.1429462432861328,-0.47947049140930176
1.1429194211959839,-0.47947049140930176
0.9525559544563293,-0.6246256232261658
0.9525560736656189,-0.5537320971488953
0.9525532722473145,-0.5397682189941406
0.9525941610336304,-0.5569545030593872
0.9525942802429199,-0.6149582862854004
0.9525914788246155,-0.6224773526191711
0.9525937438011169,-0.6267738938331604
0.9525938034057617,-0.6278480291366577
0.9525910019874573,-0.521507740020752
0.6432046294212341,-0.7191248536109924
0.6432046294212341,-0.6914169192314148
0.6432285308837891,-0.6954717040061951
0.6432047486305237,-0.6920927166938782
0.6432047486305237,-0.7562941312789917
0.6432286500930786,-0.7137184143066406
0.6432381868362427,-0.7306135296821594
0.6432381868362427,-0.7164216637611389
0.6432620882987976,-0.7164216637611389
1.0534042119979858,-0.47947049140930176
1.0534042119979858,-0.47947049140930176
1.0534192323684692,-0.47947049140930176
1.0534242391586304,-0.47947049140930176
1.0534242391586304,-0.47947049140930176
1.0534392595291138,-0.47947049140930176
1.0534244775772095,-0.47947049140930176
1.0534244775772095,-0.47947049140930176
1.0534394979476929,-0.47947049140930176
1.1051362752914429,-0.47947049140930176
1.1051521301269531,-0.47947049140930176
1.1051521301269531,-0.47947049140930176
1.1051362752914429,-0.47947049140930176
1.1051520109176636,-0.47947049140930176
1.1051520109176636,-0.47947049140930176
1.1051362752914429,-0.47947049140930176
1.1051521301269531,-0.47947049140930176
1.1051521301269531,-0.47947049140930176
0.8538256883621216,-0.5980974435806274
1.014452576637268,-0.6278480291366577
0.8538569808006287,-0.6109657883644104
1.0144336223602295,-0.6278480291366577
0.8538569808006287,-0.6853159070014954
1.0144336223602295,-0.6278480291366577
0.8538258075714111,-0.5966676473617554
1.014452576637268,-0.6278480291366577
0.853857159614563,-0.6867457032203674
1.0144336223602295,-0.6278480291366577
0.853857159614563,-0.6624389290809631
1.0144336223602295,-0.6278480291366577
0.8538203239440918,-0.665298581123352
1.0144485235214233,-0.6278480291366577
0.8538516759872437,-0.6023868918418884
1.0144295692443848,-0.6278480291366577
0.8538516759872437,-0.5895186066627502
1.0144295692443848,-0.6278480291366577
1.1775528192520142,-0.47947049140930176
1.1775505542755127,-0.47947049140930176
1.1775505542755127,-0.47947049140930176
1.1775528192520142,-0.47947049140930176
1.1775506734848022,-0.47947049140930176
1.1775506734848022,-0.47947049140930176
1.1775623559951782,-0.47947049140930176
1.1775602102279663,-0.47947049140930176
1.1973811388015747,-0.4084884226322174
0.6751359105110168,-0.7658911347389221
0.6751641035079956,-0.7304465174674988
0.6751639246940613,-0.7628530263900757
0.6751359105110168,-0.7091797590255737
0.6751641631126404,-0.7041162252426147
0.6751639246940613,-0.7203195095062256
0.6751194596290588,-0.6980400085449219
0.6751476526260376,-0.7274084091186523
0.6751474142074585,-0.7203195095062256
0.6522780656814575,-0.7177732586860657
0.6522781848907471,-0.7576457262039185
0.6522780656814575,-0.6947959065437317
0.6522780656814575,-0.7380474209785461
0.6522781848907471,-0.6934443116188049
0.6522780656814575,-0.7292619347572327
0.6522708535194397,-0.7143942713737488
0.6522709727287292,-0.7495360970497131
0.6522708535194397,-0.7360199689865112
0.9943773746490479,-0.6278480291366577
0.9943791031837463,-0.6278480291366577
0.9943791031837463,-0.6278480291366577
0.9943764805793762,-0.6278480291366577
0.9943782687187195,-0.6278480291366577
0.9943782091140747,-0.6278480291366577
0.9943773746490479,-0.6278480291366577
0.9943791031837463,-0.6278480291366577
0.9943791031837463,-0.6278480291366577
0.8437473773956299,-0.6896053552627563
0.8437865376472473,-0.6667283773422241
0.8437864184379578,-0.6667283773422241
0.8437455892562866,-0.6052465438842773
0.843784749507904,-0.6724476218223572
0.8437846302986145,-0.6052465438842773
0.8437473773956299,-0.6853159070014954
0.8437865376472473,-0.5880888104438782
0.8437864184379578,-0.5995272994041443
1.0106394290924072,-0.6278480291366577
1.0106385946273804,-0.6278480291366577
1.0106134414672852,-0.6278480291366577
1.0106394290924072,-0.6278480291366577
1.0106385946273804,-0.6278480291366577
1.0106134414672852,-0.6278480291366577
1.0106769800186157,-0.6278480291366577
1.0106760263442993,-0.6278480291366577
1.010650873184204,-0.6278480291366577
1.1370294094085693,-0.47947049140930176
1.137010931968689,-0.47947049140930176
1.137011170387268,-0.47947049140930176
1.1370372772216797,-0.47947049140930176
1.1370187997817993,-0.47947049140930176
1.1370190382003784,-0.47947049140930176
1.1370372772216797,-0.47947049140930176
1.1370187997817993,-0.47947049140930176
1.1370190382003784,-0.47947049140930176
0.8023937940597534,-0.6625663042068481
0.8023377656936646,-0.6080167889595032
0.8023380041122437,-0.7237681150436401
0.8023937940597534,-0.6891757845878601
0.8023377656936646,-0.6838538646697998
0.8023380041122437,-0.7104634046554565
0.802392303943634,-0.6944977045059204
0.8023362755775452,-0.6599053144454956
0.8023365139961243,-0.6998195648193359
0.9498175978660583,-0.552657961845398
0.9498762488365173,-0.5462130904197693
0.9498764872550964,-0.5569545030593872
0.9498047232627869,-0.5268784761428833
0.9498633146286011,-0.6224773526191711
0.9498635530471802,-0.6256997585296631
0.9498047232627869,-0.6235514879226685
0.9498633742332458,-0.5494354963302612
0.949863612651825,-0.5558803677558899
0.9538101553916931,-0.6267738938331604
0.9537845849990845,-0.6256997585296631
0.9537864327430725,-0.525804340839386
0.9538070559501648,-0.5247302055358887
0.9537814855575562,-0.525804340839386
0.9537833333015442,-0.5580286383628845
0.9538101553916931,-0.5548062324523926
0.9537845849990845,-0.5483613610267639
0.9537864327430725,-0.5247302055358887
1.0899945497512817,-0.47947049140930176
1.0899946689605713,-0.47947049140930176
1.0899946689605713,-0.47947049140930176
1.090059518814087,-0.47947049140930176
1.090059518814087,-0.47947049140930176
1.090059518814087,-0.47947049140930176
1.090059518814087,-0.47947049140930176
1.090059518814087,-0.47947049140930176
1.090059518814087,-0.47947049140930176
1.0088833570480347,-0.6278480291366577
1.0757571458816528,-0.47947049140930176
1.0088748931884766,-0.6278480291366577
1.07573401927948,-0.47947049140930176
1.0088748931884766,-0.6278480291366577
1.07573401927948,-0.47947049140930176
1.0088653564453125,-0.6278480291366577
1.0757430791854858,-0.47947049140930176
1.0088568925857544,-0.6278480291366577
1.075719952583313,-0.47947049140930176
1.0088568925857544,-0.6278480291366577
1.075719952583313,-0.47947049140930176
1.0088655948638916,-0.6278480291366577
1.0757406949996948,-0.47947049140930176
1.0088571310043335,-0.6278480291366577
1.0757176876068115,-0.47947049140930176
1.0088571310043335,-0.6278480291366577
1.0757176876068115,-0.47947049140930176
1.0895642042160034,-0.47947049140930176
1.0895847082138062,-0.47947049140930176
1.0895847082138062,-0.47947049140930176
1.0895568132400513,-0.47947049140930176
1.089577317237854,-0.47947049140930176
1.089577317237854,-0.47947049140930176
1.0895568132400513,-0.47947049140930176
1.089577317237854,-0.47947049140930176
1.089577317237854,-0.47947049140930176
0.8404718041419983,-0.6023868918418884
0.8404720425605774,-0.6681581735610962
0.8404989838600159,-0.6052465438842773
0.8404718041419983,-0.6881754994392395
0.8404720425605774,-0.5880888104438782
0.8404989838600159,-0.6538600921630859
0.8404829502105713,-0.5938080549240112
0.8404831290245056,-0.5938080549240112
0.8405100703239441,-0.5966676473617554
1.1535131931304932,-0.47947049140930176
1.153505563735962,-0.47947049140930176
1.153505563735962,-0.47947049140930176
1.1535131931304932,-0.47947049140930176
1.153505563735962,-0.47947049140930176
1.153505563735962,-0.47947049140930176
1.1535494327545166,-0.47947049140930176
1.1535418033599854,-0.47947049140930176
1.1535418033599854,-0.47947049140930176
0.8567186594009399,-0.6724476218223572
0.8567211627960205,-0.6038166880607605
0.8567186594009399,-0.6638687252998352
0.8567186594009399,-0.6853159070014954
0.8567211627960205,-0.6795966625213623
0.8567186594009399,-0.5966676473617554
0.856711208820343,-0.6009570956230164
0.8567137122154236,-0.6524302363395691
0.856711208820343,-0.5980974435806274
0.7723816633224487,-0.7224376797676086
1.1727125644683838,-0.47947049140930176
0.7723876237869263,-0.6745405793190002
1.1726903915405273,-0.47947049140930176
0.7723876237869263,-0.7104634046554565
1.1726903915405273,-0.47947049140930176
0.7723819017410278,-0.6798624396324158
1.1727125644683838,-0.47947049140930176
0.7723878622055054,-0.6013644337654114
1.1726903915405273,-0.47947049140930176
0.7723878622055054,-0.6066863536834717
1.1726903915405273,-0.47947049140930176
0.7723528742790222,-0.6479310393333435
0.772358775138855,-0.6106777787208557
1.17268967628479,-0.47947049140930176
0.772358775138855,-0.6545834541320801
1.17268967628479,-0.47947049140930176
0.7476092576980591,-0.7061416506767273
0.7476092576980591,-0.7162686586380005
0.7476138472557068,-0.7648784518241882
0.7476091980934143,-0.7253829836845398
0.7476091980934143,-0.7243703007698059
0.7476137280464172,-0.7213321924209595
0.7476164698600769,-0.7355100512504578
0.7476164698600769,-0.7608276009559631
0.7476210594177246,-0.7243703007698059
1.1179355382919312,-0.47947049140930176
1.1179354190826416,-0.47947049140930176
1.1179354190826416,-0.47947049140930176
1.1179355382919312,-0.47947049140930176
1.1179354190826416,-0.47947049140930176
1.1179354190826416,-0.47947049140930176
1.1179704666137695,-0.47947049140930176
1.11797034740448,-0.47947049140930176
1.11797034740448,-0.47947049140930176
1.1433846950531006,-0.47947049140930176
1.143384337425232,-0.47947049140930176
1.1433846950531006,-0.47947049140930176
1.1433846950531006,-0.47947049140930176
1.143384337425232,-0.47947049140930176
1.1433846950531006,-0.47947049140930176
1.1433385610580444,-0.47947049140930176
1.1433380842208862,-0.47947049140930176
1.1433385610580444,-0.47947049140930176
1.1288104057312012,-0.47947049140930176
1.0710915327072144,-0.47947049140930176
1.1288623809814453,-0.47947049140930176
1.0710949897766113,-0.47947049140930176
1.1288622617721558,-0.47947049140930176
1.0710949897766113,-0.47947049140930176
1.128811001777649,-0.47947049140930176
1.0710824728012085,-0.47947049140930176
1.128862977027893,-0.47947049140930176
1.0710859298706055,-0.47947049140930176
1.128862977027893,-0.47947049140930176
1.0710859298706055,-0.47947049140930176
1.1288104057312012,-0.47947049140930176
1.0710810422897339,-0.47947049140930176
1.1288623809814453,-0.47947049140930176
1.0710844993591309,-0.47947049140930176
1.1288622617721558,-0.47947049140930176
1.0710844993591309,-0.47947049140930176
0.9674577116966248,-0.5558803677558899
0.9674540162086487,-0.5558803677558899
0.9674577116966248,-0.6246256232261658
0.9674575328826904,-0.5505096316337585
0.9674538373947144,-0.5462130904197693
0.9674575328826904,-0.5558803677558899
0.9674776792526245,-0.5419164896011353
0.9674739837646484,-0.5483613610267639
0.9674776792526245,-0.5225818753242493
1.0829768180847168,-0.47947049140930176
0.8337208032608032,-0.6767370104789734
1.0829774141311646,-0.47947049140930176
0.8337214589118958,-0.6581494808197021
1.0829768180847168,-0.47947049140930176
0.8337208032608032,-0.6052465438842773
1.0829768180847168,-0.47947049140930176
0.8337208032608032,-0.6052465438842773
1.0829774141311646,-0.47947049140930176
0.8337214589118958,-0.6724476218223572
1.0829768180847168,-0.47947049140930176
0.8337208032608032,-0.5938080549240112
1.082966923713684,-0.47947049140930176
0.8337363004684448,-0.5966676473617554
1.0829676389694214,-0.47947049140930176
0.8337369561195374,-0.5552031397819519
1.082966923713684,-0.47947049140930176
0.8337363004684448,-0.6910351514816284
1.1827690601348877,-0.4084884226322174
1.1827685832977295,-0.4084884226322174
1.1827690601348877,-0.4084884226322174
1.1827690601348877,-0.4084884226322174
1.1827685832977295,-0.4084884226322174
0.7556079626083374,-0.7203195095062256
0.7556078433990479,-0.7334846258163452
0.7555983662605286,-0.7223448753356934
0.7556026577949524,-0.6676589250564575
0.7556025385856628,-0.7112051844596863
0.7555931210517883,-0.7081670761108398
0.7556025981903076,-0.7314592003822327
0.7556024789810181,-0.7142432928085327
0.7555930614471436,-0.6666462421417236
0.9269181489944458,-0.5515837669372559
0.9269284009933472,-0.521507740020752
0.9269284009933472,-0.5301008820533752
0.9269181489944458,-0.6278480291366577
0.9269284009933472,-0.5633993744850159
0.9269284009933472,-0.552657961845398
0.9269181489944458,-0.5236560106277466
0.9269284009933472,-0.525804340839386
0.9269284009933472,-0.5225818753242493
1.0018980503082275,-0.6278480291366577
1.0018980503082275,-0.6278480291366577
1.0019077062606812,-0.6278480291366577
1.001894474029541,-0.6278480291366577
1.001894474029541,-0.6278480291366577
1.0019041299819946,-0.6278480291366577
1.0018584728240967,-0.6278480291366577
1.0018584728240967,-0.6278480291366577
1.0018680095672607,-0.6278480291366577
0.6385496854782104,-0.6920927166938782
0.6385498046875,-0.7225039005279541
0.6385271549224854,-0.6954717040061951
0.6385490298271179,-0.7137184143066406
0.6385491490364075,-0.7177732586860657
0.638526439666748,-0.7366957664489746
0.6385496854782104,-0.6968233585357666
0.6385498046875,-0.6934443116188049
0.6385271549224854,-0.7326409816741943
1.1359171867370605,-0.47947049140930176
1.1359171867370605,-0.47947049140930176
1.1359329223632812,-0.47947049140930176
1.1359868049621582,-0.47947049140930176
1.1359868049621582,-0.47947049140930176
1.136002540588379,-0.47947049140930176
1.1359870433807373,-0.47947049140930176
1.1359870433807373,-0.47947049140930176
1.136002779006958,-0.47947049140930176
1.0500644445419312,-0.47947049140930176
1.0500646829605103,-0.47947049140930176
1.0500719547271729,-0.47947049140930176
1.050068736076355,-0.47947049140930176
1.050068974494934,-0.47947049140930176
1.0500762462615967,-0.47947049140930176
1.0500644445419312,-0.47947049140930176
1.0500646829605103,-0.47947049140930176
1.0500719547271729,-0.47947049140930176
0.9972422122955322,-0.6278480291366577
0.997241735458374,-0.6278480291366577
0.9971923828125,-0.6278480291366577
0.9972421526908875,-0.6278480291366577
0.9972416758537292,-0.6278480291366577
0.9971923232078552,-0.6278480291366577
0.9972484707832336,-0.6278480291366577
0.9972479939460754,-0.6278480291366577
0.9971985816955566,-0.6278480291366577
0.7449590563774109,-0.7010781168937683
0.7449529767036438,-0.697027325630188
0.7449528574943542,-0.7274084091186523
0.7449580430984497,-0.7658911347389221
0.7449519634246826,-0.6990527510643005
0.7449519038200378,-0.691963791847229
0.7449590563774109,-0.7598149180412292
0.7449529767036438,-0.7365227341651917
0.7449528574943542,-0.7263957262039185
0.9011935591697693,-0.6050893068313599
0.9012014865875244,-0.6068305969238281
0.9012014269828796,-0.5371792912483215
0.9011936187744141,-0.6817057728767395
0.9012015461921692,-0.6068305969238281
0.9012014865875244,-0.5354380011558533
0.9012160301208496,-0.6677755117416382
0.9012239575386047,-0.6555865406990051
0.90122389793396,-0.6938947439193726
0.8408163189888,-0.6795966625213623
0.8408104181289673,-0.6910351514816284
0.8408104181289673,-0.6038166880607605
0.8408164381980896,-0.6838861107826233
0.8408105969429016,-0.6853159070014954
0.8408105969429016,-0.6810264587402344
0.8408166170120239,-0.5580627918243408
0.8408107161521912,-0.6567196846008301
0.8408107161521912,-0.659579336643219
0.5429438352584839,-0.8129445910453796
0.5429437756538391,-0.8129445910453796
0.5429150462150574,-0.8129445910453796
0.5429196953773499,-0.8129445910453796
0.5429196357727051,-0.8129445910453796
0.5428909659385681,-0.8129445910453796
0.5429196357727051,-0.8129445910453796
0.5429195761680603,-0.8129445910453796
0.5428909063339233,-0.8129445910453796
0.9004735946655273,-0.6869296431541443
0.9004671573638916,-0.6016067862510681
0.9004673361778259,-0.5737462639808655
0.9004808664321899,-0.582452654838562
0.9004744291305542,-0.6660342216491699
0.9004746079444885,-0.6555865406990051
0.9004806876182556,-0.6503626704216003
0.9004742503166199,-0.5267316102981567
0.9004744291305542,-0.5981242060661316
0.6625715494155884,-0.7314592003822327
0.6625715494155884,-0.7193067669868469
0.6625624299049377,-0.6828494668006897
0.6625715494155884,-0.7638657093048096
0.6625715494155884,-0.7385481595993042
0.6625624299049377,-0.7243703007698059
0.6625974178314209,-0.6909511089324951
0.6625974178314209,-0.7263957262039185
0.6625882387161255,-0.6929765343666077
1.087781310081482,-0.47947049140930176
1.0878205299377441,-0.47947049140930176
1.0878204107284546,-0.47947049140930176
1.0877662897109985,-0.47947049140930176
1.0878055095672607,-0.47947049140930176
1.0878053903579712,-0.47947049140930176
1.087766408920288,-0.47947049140930176
1.0878056287765503,-0.47947049140930176
1.0878055095672607,-0.47947049140930176
0.9088691473007202,-0.6886709332466125
0.9089189171791077,-0.5859352350234985
0.9089189767837524,-0.6834470629692078
0.908869206905365,-0.5232490301132202
0.9089189767837524,-0.6103131771087646
0.9089190363883972,-0.6016067862510681
0.9088500142097473,-0.6869296431541443
0.9088997840881348,-0.6695168018341064
0.9088998436927795,-0.5389205813407898
1.050828456878662,-0.47947049140930176
1.050828456878662,-0.47947049140930176
1.050828456878662,-0.47947049140930176
1.0508283376693726,-0.47947049140930176
1.0508283376693726,-0.47947049140930176
1.0508283376693726,-0.47947049140930176
1.0508569478988647,-0.47947049140930176
1.0508568286895752,-0.47947049140930176
1.0508568286895752,-0.47947049140930176
0.7888327240943909,-0.7104634046554565
0.788813591003418,-0.6013644337654114
0.788813591003418,-0.6944977045059204
0.7888382077217102,-0.6665577292442322
0.7888190746307373,-0.6652272343635559
0.7888190746307373,-0.6692186594009399
0.7888380885124207,-0.5973730087280273
0.7888189554214478,-0.7157852649688721
0.7888189554214478,-0.6585748791694641
1.079829216003418,-0.47947049140930176
1.0798300504684448,-0.47947049140930176
1.0798300504684448,-0.47947049140930176
1.0798335075378418,-0.47947049140930176
1.0798343420028687,-0.47947049140930176
1.079834222793579,-0.47947049140930176
1.079835295677185,-0.47947049140930176
1.0798360109329224,-0.47947049140930176
1.0798360109329224,-0.47947049140930176
1.0532655715942383,-0.47947049140930176
1.0532437562942505,-0.47947049140930176
1.053240180015564,-0.47947049140930176
1.0532646179199219,-0.47947049140930176
1.053242802619934,-0.47947049140930176
1.0532392263412476,-0.47947049140930176
1.0532655715942383,-0.47947049140930176
1.0532437562942505,-0.47947049140930176
1.053240180015564,-0.47947049140930176
0.9864969849586487,-0.6278480291366577
0.9864969253540039,-0.6278480291366577
0.9865367412567139,-0.6278480291366577
0.9864956736564636,-0.6278480291366577
0.9864956140518188,-0.6278480291366577
0.9865354299545288,-0.6278480291366577
0.9864969849586487,-0.6278480291366577
0.9864969253540039,-0.6278480291366577
0.9865367412567139,-0.6278480291366577
1.033618450164795,-0.47947049140930176
1.1753129959106445,-0.47947049140930176
0.8503561615943909,-0.6095359325408936
1.0336660146713257,-0.47947049140930176
1.1753594875335693,-0.47947049140930176
0.8503450155258179,-0.6710177659988403
1.0336660146713257,-0.47947049140930176
1.1753594875335693,-0.47947049140930176
0.8503449559211731,-0.6710177659988403
1.0336170196533203,-0.47947049140930176
1.1753110885620117,-0.47947049140930176
0.8503561615943909,-0.655289888381958
1.0336644649505615,-0.47947049140930176
1.1753575801849365,-0.47947049140930176
0.8503449559211731,-0.6881754994392395
1.0336644649505615,-0.47947049140930176
1.1753575801849365,-0.47947049140930176
0.8503448963165283,-0.5523435473442078
1.033618450164795,-0.47947049140930176
1.1752896308898926,-0.47947049140930176
0.8503561615943909,-0.6023868918418884
1.0336660146713257,-0.47947049140930176
1.1753361225128174,-0.47947049140930176
0.8503450155258179,-0.651000440120697
1.0336660146713257,-0.47947049140930176
1.175336241722107,-0.47947049140930176
0.8503449559211731,-0.5995272994041443
1.1934925317764282,-0.4084884226322174
1.1934889554977417,-0.4084884226322174
0.8629514575004578,-0.6824562549591064
0.8629438281059265,-0.6538600921630859
0.8629442453384399,-0.655289888381958
0.8629509806632996,-0.6853159070014954
0.8629433512687683,-0.560922384262085
0.8629438281059265,-0.6066763401031494
0.8629961609840393,-0.6795966625213623
0.8629885315895081,-0.5938080549240112
0.8629889488220215,-0.6667283773422241
0.7940260171890259,-0.7290900349617004
0.9311884045600891,-0.552657961845398
0.7940986752510071,-0.6825234293937683
0.9311791658401489,-0.5408423542976379
0.7940989136695862,-0.707802414894104
0.9311790466308594,-0.5558803677558899
0.7940260767936707,-0.7091329097747803
0.9311913847923279,-0.6235514879226685
0.7940987348556519,-0.6638967394828796
0.9311820864677429,-0.5236560106277466
0.794098973274231,-0.6971586346626282
0.9311819672584534,-0.5655476450920105
0.7940275073051453,-0.6066863536834717
0.9311535358428955,-0.5247302055358887
0.7941001653671265,-0.6133387088775635
0.9311442375183105,-0.5537320971488953
0.7941003441810608,-0.6625663042068481
0.931144118309021,-0.5494354963302612
1.1588929891586304,-0.47947049140930176
1.158909797668457,-0.47947049140930176
1.1589100360870361,-0.47947049140930176
1.1588908433914185,-0.47947049140930176
1.1589076519012451,-0.47947049140930176
1.1589077711105347,-0.47947049140930176
1.1588929891586304,-0.47947049140930176
1.158909797668457,-0.47947049140930176
1.1589100360870361,-0.47947049140930176
0.7036925554275513,-0.7263957262039185
0.7036926746368408,-0.7274084091186523
0.7036925554275513,-0.691963791847229
0.7036938071250916,-0.7274084091186523
0.7036938667297363,-0.7071543335914612
0.7036938071250916,-0.7365227341651917
0.7037063837051392,-0.7081670761108398
0.7037064433097839,-0.7031035423278809
0.7037063837051392,-0.7365227341651917
1.142332911491394,-0.47947049140930176
1.1423014402389526,-0.47947049140930176
1.142298936843872,-0.47947049140930176
1.1423331499099731,-0.47947049140930176
1.1423016786575317,-0.47947049140930176
1.1422991752624512,-0.47947049140930176
1.1423122882843018,-0.47947049140930176
1.1422808170318604,-0.47947049140930176
1.1422783136367798,-0.47947049140930176
1.1380958557128906,-0.47947049140930176
1.1380870342254639,-0.47947049140930176
1.138087272644043,-0.47947049140930176
1.1380963325500488,-0.47947049140930176
1.138087511062622,-0.47947049140930176
1.1380877494812012,-0.47947049140930176
1.1380895376205444,-0.47947049140930176
1.1380807161331177,-0.47947049140930176
1.1380808353424072,-0.47947049140930176
0.9657328128814697,-0.5548062324523926
0.9386236667633057,-0.6235514879226685
0.965732753276825,-0.5591028332710266
0.9386236667633057,-0.5472872257232666
0.9657387733459473,-0.5301008820533752
0.9386397004127502,-0.5505096316337585
0.9657342433929443,-0.6256997585296631
0.9386209845542908,-0.552657961845398
0.9657341241836548,-0.5290267467498779
0.9386209845542908,-0.5429906249046326
0.9657402038574219,-0.525804340839386
0.9386370182037354,-0.621403157711029
0.9657328128814697,-0.5569545030593872
0.9386236667633057,-0.5515837669372559
0.965732753276825,-0.5505096316337585
0.9386236667633057,-0.6235514879226685
0.9657387733459473,-0.5548062324523926
0.9386397004127502,-0.5236560106277466
0.9677104949951172,-0.5301008820533752
0.967710554599762,-0.6246256232261658
0.9676902890205383,-0.5225818753242493
0.9677071571350098,-0.6278480291366577
0.9677072167396545,-0.6246256232261658
0.9676869511604309,-0.5247302055358887
0.9677104949951172,-0.5623252391815186
0.967710554599762,-0.552657961845398
0.9676902890205383,-0.6224773526191711
0.7996864914894104,-0.6998195648193359
0.7996866106987,-0.6026949286460876
0.7996819615364075,-0.6013644337654114
0.7996816039085388,-0.6612358093261719
0.7996817231178284,-0.673210084438324
0.7996770739555359,-0.6559138894081116
0.7996816039085388,-0.5973730087280273
0.7996817231178284,-0.677201509475708
0.7996770739555359,-0.7064719796180725
0.9562726616859436,-0.552657961845398
0.9562726020812988,-0.5236560106277466
0.9562587141990662,-0.5580286383628845
0.9562448859214783,-0.5279526114463806
0.9562447667121887,-0.6278480291366577
0.9562309384346008,-0.5483613610267639
0.9562453031539917,-0.5225818753242493
0.9562452435493469,-0.5580286383628845
0.9562313556671143,-0.525804340839386
1.1864678859710693,-0.4084884226322174
1.1864463090896606,-0.4084884226322174
1.1864676475524902,-0.4084884226322174
0.7909231781959534,-0.6080167889595032
0.7909231185913086,-0.7211071848869324
0.7909231781959534,-0.6120082139968872
0.7909231781959534,-0.673210084438324
0.7909231185913086,-0.6585748791694641
0.7909231781959534,-0.673210084438324
0.7909316420555115,-0.6000339388847351
0.7909316420555115,-0.6705491542816162
0.7909316420555115,-0.7237681150436401
1.1696501970291138,-0.47947049140930176
1.1566503047943115,-0.47947049140930176
1.1696501970291138,-0.47947049140930176
1.1566503047943115,-0.47947049140930176
1.1696629524230957,-0.47947049140930176
1.1566500663757324,-0.47947049140930176
1.1696137189865112,-0.47947049140930176
1.1566078662872314,-0.47947049140930176
1.1696137189865112,-0.47947049140930176
1.1566078662872314,-0.47947049140930176
1.1696265935897827,-0.47947049140930176
1.1566076278686523,-0.47947049140930176
1.1696134805679321,-0.47947049140930176
1.1566078662872314,-0.47947049140930176
1.1696134805679321,-0.47947049140930176
1.1566078662872314,-0.47947049140930176
1.1696263551712036,-0.47947049140930176
1.1566076278686523,-0.47947049140930176
1.0036487579345703,-0.6278480291366577
1.0036488771438599,-0.6278480291366577
1.0036487579345703,-0.6278480291366577
1.003698706626892,-0.6278480291366577
1.003698706626892,-0.6278480291366577
1.0036985874176025,-0.6278480291366577
1.003698706626892,-0.6278480291366577
1.003698706626892,-0.6278480291366577
1.0036985874176025,-0.6278480291366577
0.7350578308105469,-0.7071543335914612
0.9166421890258789,-0.521507740020752
0.7350580096244812,-0.7284210920333862
0.9166269898414612,-0.582452654838562
0.7350582480430603,-0.6909511089324951
0.9166271686553955,-0.6625516414642334
0.7350577116012573,-0.6686716079711914
0.9166421890258789,-0.6172783374786377
0.7350578904151917,-0.6950019001960754
0.9166269898414612,-0.6695168018341064
0.735058069229126,-0.7658911347389221
0.9166271686553955,-0.678223192691803
0.735063374042511,-0.723357617855072
0.9166504740715027,-0.6608104109764099
0.7350635528564453,-0.7355100512504578
0.916635274887085,-0.6608104109764099
0.7350637912750244,-0.6727224588394165
0.9166354537010193,-0.5528508424758911
1.1405389308929443,-0.47947049140930176
1.1405389308929443,-0.47947049140930176
1.1405781507492065,-0.47947049140930176
1.1405441761016846,-0.47947049140930176
1.1405441761016846,-0.47947049140930176
1.1405833959579468,-0.47947049140930176
1.1405441761016846,-0.47947049140930176
1.1405441761016846,-0.47947049140930176
1.1405833959579468,-0.47947049140930176
1.0519828796386719,-0.47947049140930176
1.0519849061965942,-0.47947049140930176
1.0519828796386719,-0.47947049140930176
1.0519828796386719,-0.47947049140930176
1.0519850254058838,-0.47947049140930176
1.0519828796386719,-0.47947049140930176
1.0519790649414062,-0.47947049140930176
1.0519810914993286,-0.47947049140930176
1.0519790649414062,-0.47947049140930176
0.9197773933410645,-0.6642929315567017
1.1806446313858032,-0.47947049140930176
0.919796347618103,-0.6886709332466125
1.180661916732788,-0.47947049140930176
0.919796347618103,-0.6050893068313599
1.180661916732788,-0.47947049140930176
0.9197776317596436,-0.690412163734436
1.1806446313858032,-0.47947049140930176
0.9197965264320374,-0.6573278307914734
1.180661916732788,-0.47947049140930176
0.9197965264320374,-0.5789700746536255
1.180661916732788,-0.47947049140930176
0.9197943806648254,-0.5563334226608276
0.919813334941864,-0.6538452506065369
1.1806622743606567,-0.47947049140930176
0.919813334941864,-0.690412163734436
1.1806622743606567,-0.47947049140930176
0.8063944578170776,-0.6026949286460876
0.8063944578170776,-0.7211071848869324
0.8064572811126709,-0.6599053144454956
0.8063944578170776,-0.6173301339149475
0.8063944578170776,-0.6638967394828796
0.8064573407173157,-0.681192934513092
0.8063817620277405,-0.681192934513092
0.8063817620277405,-0.7144548296928406
0.8064445853233337,-0.6040253639221191
1.0581603050231934,-0.47947049140930176
1.0581603050231934,-0.47947049140930176
1.0581483840942383,-0.47947049140930176
1.0581600666046143,-0.47947049140930176
1.0581600666046143,-0.47947049140930176
1.0581481456756592,-0.47947049140930176
1.0581603050231934,-0.47947049140930176
1.0581603050231934,-0.47947049140930176
1.0581483840942383,-0.47947049140930176
0.8968467712402344,-0.521507740020752
0.8968467712402344,-0.6085718870162964
0.8968572616577148,-0.6869296431541443
0.8968637585639954,-0.5389205813407898
0.8968637585639954,-0.5580747127532959
0.8968742489814758,-0.6834470629692078
0.8968639969825745,-0.6103131771087646
0.8968639969825745,-0.6834470629692078
0.8968745470046997,-0.5267316102981567
0.9822325110435486,-0.6278480291366577
0.9822325110435486,-0.6278480291366577
0.9822622537612915,-0.6278480291366577
0.9822377562522888,-0.6278480291366577
0.9822377562522888,-0.6278480291366577
0.9822674989700317,-0.6278480291366577
0.9822377562522888,-0.6278480291366577
0.9822377562522888,-0.6278480291366577
0.9822674989700317,-0.6278480291366577
1.0681571960449219,-0.47947049140930176
1.0681568384170532,-0.47947049140930176
1.0681568384170532,-0.47947049140930176
1.0680986642837524,-0.47947049140930176
1.0680983066558838,-0.47947049140930176
1.0680983066558838,-0.47947049140930176
1.0680986642837524,-0.47947049140930176
1.0680983066558838,-0.47947049140930176
1.0680983066558838,-0.47947049140930176
0.9085596203804016,-0.5894177556037903
0.9085595011711121,-0.6608104109764099
0.9085380434989929,-0.6016067862510681
0.9085370898246765,-0.6033480167388916
0.908536970615387,-0.6033480167388916
0.908515453338623,-0.5511095523834229
0.9085369110107422,-0.5929003357887268
0.9085367918014526,-0.5876765251159668
0.9085152745246887,-0.5528508424758911
1.086108922958374,-0.47947049140930176
1.0861132144927979,-0.47947049140930176
1.0861132144927979,-0.47947049140930176
1.086108922958374,-0.47947049140930176
1.0861132144927979,-0.47947049140930176
1.0861132144927979,-0.47947049140930176
1.086108922958374,-0.47947049140930176
1.0861132144927979,-0.47947049140930176
1.0861132144927979,-0.47947049140930176
1.0814622640609741,-0.47947049140930176
1.0665560960769653,-0.47947049140930176
1.081459641456604,-0.47947049140930176
1.066551923751831,-0.47947049140930176
1.0814622640609741,-0.47947049140930176
1.0665560960769653,-0.47947049140930176
1.0814622640609741,-0.47947049140930176
1.0665560960769653,-0.47947049140930176
1.081459641456604,-0.47947049140930176
1.066551923751831,-0.47947049140930176
1.0814622640609741,-0.47947049140930176
1.0665560960769653,-0.47947049140930176
1.081499695777893,-0.47947049140930176
1.0665584802627563,-0.47947049140930176
1.081497073173523,-0.47947049140930176
1.0665541887283325,-0.47947049140930176
1.081499695777893,-0.47947049140930176
1.0665584802627563,-0.47947049140930176
0.9839203953742981,-0.6278480291366577
0.9141855239868164,-0.6712580919265747
0.9839203953742981,-0.6278480291366577
0.9141855239868164,-0.5267316102981567
0.9839203953742981,-0.6278480291366577
0.9141762852668762,-0.5720049738883972
0.9839245080947876,-0.6278480291366577
0.9141854047775269,-0.5441444516181946
0.9839245080947876,-0.6278480291366577
0.9141854047775269,-0.5981242060661316
0.9839245080947876,-0.6278480291366577
0.9141761064529419,-0.5511095523834229
0.9839208126068115,-0.6278480291366577
0.9141849875450134,-0.5929003357887268
0.9839208126068115,-0.6278480291366577
0.9141849875450134,-0.6625516414642334
0.9839208126068115,-0.6278480291366577
0.9141757488250732,-0.5981242060661316
1.1444846391677856,-0.47947049140930176
1.1444844007492065,-0.47947049140930176
1.1444841623306274,-0.47947049140930176
1.1444900035858154,-0.47947049140930176
1.1444897651672363,-0.47947049140930176
1.1444895267486572,-0.47947049140930176
1.1444900035858154,-0.47947049140930176
1.1444897651672363,-0.47947049140930176
1.1444895267486572,-0.47947049140930176
1.0250388383865356,-0.47947049140930176
1.0250390768051147,-0.47947049140930176
1.025039553642273,-0.47947049140930176
1.0250388383865356,-0.47947049140930176
1.0250390768051147,-0.47947049140930176
1.025039553642273,-0.47947049140930176
1.0250353813171387,-0.47947049140930176
1.0250356197357178,-0.47947049140930176
1.025036096572876,-0.47947049140930176
0.7300891280174255,-0.7618403434753418
0.730089545249939,-0.7334846258163452
0.7300891280174255,-0.6727224588394165
0.7300891280174255,-0.713230550289154
0.730089545249939,-0.7334846258163452
0.7300891280174255,-0.702090859413147
0.7300646901130676,-0.6980400085449219
0.730065107345581,-0.7304465174674988
0.7300646901130676,-0.7061416506767273
0.801338791847229,-0.6652272343635559
0.8013426065444946,-0.5987035036087036
0.8013426661491394,-0.6984891295433044
0.801338791847229,-0.6572443842887878
0.8013426065444946,-0.5987035036087036
0.8013426661491394,-0.6944977045059204
0.8012975454330444,-0.7024805545806885
0.8013013601303101,-0.6798624396324158
0.8013014197349548,-0.5973730087280273
1.1479569673538208,-0.47947049140930176
1.1479583978652954,-0.47947049140930176
1.1479604244232178,-0.47947049140930176
1.1479570865631104,-0.47947049140930176
1.1479583978652954,-0.47947049140930176
1.1479604244232178,-0.47947049140930176
1.1479474306106567,-0.47947049140930176
1.1479488611221313,-0.47947049140930176
1.1479508876800537,-0.47947049140930176
0.8515334725379944,-0.6038166880607605
0.8515337109565735,-0.6095359325408936
0.8515600562095642,-0.5995272994041443
0.8515493869781494,-0.6724476218223572
0.8515495657920837,-0.6667283773422241
0.8515759110450745,-0.6896053552627563
0.8515493273735046,-0.649570643901825
0.851549506187439,-0.5923782587051392
0.8515758514404297,-0.6695879697799683
1.1642268896102905,-0.47947049140930176
1.164226770401001,-0.47947049140930176
1.1641981601715088,-0.47947049140930176
1.164226770401001,-0.47947049140930176
1.164226770401001,-0.47947049140930176
1.1641981601715088,-0.47947049140930176
1.1642229557037354,-0.47947049140930176
1.1642228364944458,-0.47947049140930176
1.1641942262649536,-0.47947049140930176
0.9123607873916626,-0.678223192691803
0.9123609662055969,-0.6747406721115112
0.9123196005821228,-0.5267316102981567
0.9123462438583374,-0.6085718870162964
0.9123464226722717,-0.5946416258811951
0.9123050570487976,-0.6573278307914734
0.9123462438583374,-0.6747406721115112
0.9123464226722717,-0.5876765251159668
0.9123050570487976,-0.5998654961585999
1.1850184202194214,-0.4084884226322174
1.1849942207336426,-0.4084884226322174
1.1850132942199707,-0.4084884226322174
1.185012936592102,-0.4084884226322174
1.1310964822769165,-0.47947049140930176
1.1310964822769165,-0.47947049140930176
1.1310977935791016,-0.47947049140930176
1.131101131439209,-0.47947049140930176
1.131101131439209,-0.47947049140930176
1.1311023235321045,-0.47947049140930176
1.1311010122299194,-0.47947049140930176
1.1311010122299194,-0.47947049140930176
1.1311023235321045,-0.47947049140930176
0.7407395243644714,-0.6747478246688843
0.7407398819923401,-0.7010781168937683
0.7407395243644714,-0.6737351417541504
0.7407395839691162,-0.691963791847229
0.7407399415969849,-0.6950019001960754
0.7407395839691162,-0.7091797590255737
0.7407395243644714,-0.7334846258163452
0.7407398819923401,-0.7638657093048096
0.7407395243644714,-0.7618403434753418
1.0871658325195312,-0.47947049140930176
1.0871679782867432,-0.47947049140930176
1.0871658325195312,-0.47947049140930176
1.087164282798767,-0.47947049140930176
1.087166428565979,-0.47947049140930176
1.087164282798767,-0.47947049140930176
1.0871658325195312,-0.47947049140930176
1.0871679782867432,-0.47947049140930176
1.0871658325195312,-0.47947049140930176
1.0639026165008545,-0.47947049140930176
1.0639060735702515,-0.47947049140930176
1.0639121532440186,-0.47947049140930176
1.0639026165008545,-0.47947049140930176
1.0639060735702515,-0.47947049140930176
1.0639121532440186,-0.47947049140930176
1.063894271850586,-0.47947049140930176
1.0638978481292725,-0.47947049140930176
1.06390380859375,-0.47947049140930176
0.8305993676185608,-0.6795966625213623
0.8305987119674683,-0.6853159070014954
0.8306028842926025,-0.645281195640564
0.8305992484092712,-0.5952378511428833
0.8305985331535339,-0.659579336643219
0.8306027054786682,-0.6924649477005005
0.8306208848953247,-0.6838861107826233
0.8306201696395874,-0.6767370104789734
0.8306243419647217,-0.6052465438842773
1.0751971006393433,-0.47947049140930176
1.075173020362854,-0.47947049140930176
1.075173020362854,-0.47947049140930176
1.0751971006393433,-0.47947049140930176
1.075173020362854,-0.47947049140930176
1.075173020362854,-0.47947049140930176
1.075239658355713,-0.47947049140930176
1.0752156972885132,-0.47947049140930176
1.0752156972885132,-0.47947049140930176
1.0897376537322998,-0.47947049140930176
1.0897397994995117,-0.47947049140930176
1.089729905128479,-0.47947049140930176
1.089737057685852,-0.47947049140930176
1.089739203453064,-0.47947049140930176
1.0897294282913208,-0.47947049140930176
1.0897376537322998,-0.47947049140930176
1.0897397994995117,-0.47947049140930176
1.089729905128479,-0.47947049140930176
0.8500286340713501,-0.560922384262085
0.8499651551246643,-0.6838861107826233
0.8499655723571777,-0.6753072142601013
0.8500286340713501,-0.6109657883644104
0.8499651551246643,-0.6795966625213623
0.8499655723571777,-0.5580627918243408
0.8500245213508606,-0.6724476218223572
0.8499610424041748,-0.659579336643219
0.8499614596366882,-0.6753072142601013
0.9994931817054749,-0.6278480291366577
0.999541699886322,-0.6278480291366577
0.9995413422584534,-0.6278480291366577
0.9994932413101196,-0.6278480291366577
0.9995417594909668,-0.6278480291366577
0.9995414018630981,-0.6278480291366577
0.9995096325874329,-0.6278480291366577
0.99955815076828,-0.6278480291366577
0.9995577931404114,-0.6278480291366577
0.9039347767829895,-0.6625516414642334
0.9039141535758972,-0.6660342216491699
0.9039142727851868,-0.6764819025993347
0.9039345979690552,-0.6259847283363342
0.9039140343666077,-0.5929003357887268
0.9039141535758972,-0.6764819025993347
0.9039763808250427,-0.6033480167388916
0.9039557576179504,-0.5632985234260559
0.90395587682724,-0.5946416258811951
1.0619776248931885,-0.47947049140930176
1.0619776248931885,-0.47947049140930176
1.0619964599609375,-0.47947049140930176
1.0619776248931885,-0.47947049140930176
1.0619776248931885,-0.47947049140930176
1.0619964599609375,-0.47947049140930176
1.0620030164718628,-0.47947049140930176
1.0620030164718628,-0.47947049140930176
1.0620218515396118,-0.47947049140930176
1.153367519378662,-0.47947049140930176
1.153367519378662,-0.47947049140930176
1.153385043144226,-0.47947049140930176
1.1534415483474731,-0.47947049140930176
1.1534415483474731,-0.47947049140930176
1.1534589529037476,-0.47947049140930176
1.1534416675567627,-0.47947049140930176
1.1534416675567627,-0.47947049140930176
1.1534591913223267,-0.47947049140930176
0.8366910219192505,-0.5523435473442078
0.8366910219192505,-0.5995272994041443
0.8366910219192505,-0.651000440120697
0.836691677570343,-0.6109657883644104
0.836691677570343,-0.5566329956054688
0.836691677570343,-0.5537733435630798
0.8366910219192505,-0.5909484028816223
0.8366910219192505,-0.6667283773422241
0.8366910219192505,-0.6753072142601013
1.0625790357589722,-0.47947049140930176
1.0625790357589722,-0.47947049140930176
1.06256902217865,-0.47947049140930176
1.0625760555267334,-0.47947049140930176
1.0625760555267334,-0.47947049140930176
1.0625660419464111,-0.47947049140930176
1.0625790357589722,-0.47947049140930176
1.0625790357589722,-0.47947049140930176
1.06256902217865,-0.47947049140930176
0.9107904434204102,-0.6834470629692078
0.9107902646064758,-0.5249903202056885
0.9107834696769714,-0.6050893068313599
0.9108074307441711,-0.5319554209709167
0.9108073115348816,-0.5929003357887268
0.9108005166053772,-0.685188353061676
0.9108075499534607,-0.5598159432411194
0.9108073711395264,-0.528472900390625
0.910800576210022,-0.6137957572937012
1.057517409324646,-0.47947049140930176
1.057539939880371,-0.47947049140930176
1.0575412511825562,-0.47947049140930176
1.057517409324646,-0.47947049140930176
1.057539939880371,-0.47947049140930176
1.0575412511825562,-0.47947049140930176
1.0575082302093506,-0.47947049140930176
1.0575307607650757,-0.47947049140930176
1.0575320720672607,-0.47947049140930176
0.9705018997192383,-0.5515837669372559
0.9705004692077637,-0.5225818753242493
0.9705018997192383,-0.5515837669372559
0.9705018997192383,-0.5247302055358887
0.9705004692077637,-0.525804340839386
0.9705018997192383,-0.5569545030593872
0.9705082774162292,-0.5290267467498779
0.9705068469047546,-0.5483613610267639
0.9705082774162292,-0.6246256232261658
0.6292938590049744,-0.7542666792869568
0.6292977929115295,-0.7265587449073792
0.6292938590049744,-0.720476508140564
0.6292941570281982,-0.7157458662986755
0.6292981505393982,-0.6981749534606934
0.6292941570281982,-0.7231796979904175
0.6292956471443176,-0.7170974612236023
0.6292996406555176,-0.6968233585357666
0.6292956471443176,-0.7333167791366577
1.166214108467102,-0.47947049140930176
1.1662137508392334,-0.47947049140930176
1.166214108467102,-0.47947049140930176
1.1662100553512573,-0.47947049140930176
1.1662096977233887,-0.47947049140930176
1.1662100553512573,-0.47947049140930176
1.1662328243255615,-0.47947049140930176
1.1662324666976929,-0.47947049140930176
1.1662328243255615,-0.47947049140930176
1.1150480508804321,-0.47947049140930176
1.115048885345459,-0.47947049140930176
1.1150480508804321,-0.47947049140930176
1.1150479316711426,-0.47947049140930176
1.1150487661361694,-0.47947049140930176
1.1150479316711426,-0.47947049140930176
1.115077257156372,-0.47947049140930176
1.115078091621399,-0.47947049140930176
1.115077257156372,-0.47947049140930176
0.8785046935081482,-0.6625516414642334
0.8785048723220825,-0.5406618714332581
0.8785049915313721,-0.6033480167388916
0.8785110116004944,-0.6747406721115112
0.8785111904144287,-0.6120544672012329
0.8785113096237183,-0.5859352350234985
0.8785110116004944,-0.6590691208839417
0.8785111904144287,-0.5876765251159668
0.8785113096237183,-0.6938947439193726
0.981214165687561,-0.6278480291366577
0.9812155961990356,-0.6278480291366577
0.9812155961990356,-0.6278480291366577
0.9811977744102478,-0.6278480291366577
0.9811992049217224,-0.6278480291366577
0.9811992049217224,-0.6278480291366577
0.9811980128288269,-0.6278480291366577
0.9811994433403015,-0.6278480291366577
0.9811994433403015,-0.6278480291366577
1.0557817220687866,-0.47947049140930176
1.0557752847671509,-0.47947049140930176
1.0557752847671509,-0.47947049140930176
1.055776596069336,-0.47947049140930176
1.0557701587677002,-0.47947049140930176
1.0557701587677002,-0.47947049140930176
1.055776596069336,-0.47947049140930176
1.0557701587677002,-0.47947049140930176
1.0557701587677002,-0.47947049140930176
0.7183934450149536,-0.7274084091186523
0.7183935642242432,-0.697027325630188
0.7183824181556702,-0.7243703007698059
0.7183926701545715,-0.7031035423278809
0.7183927893638611,-0.7253829836845398
0.7183816432952881,-0.7051289677619934
0.7183934450149536,-0.7253829836845398
0.7183935642242432,-0.7588022351264954
0.7183824181556702,-0.7658911347389221
1.1585206985473633,-0.47947049140930176
1.1585208177566528,-0.47947049140930176
1.1585034132003784,-0.47947049140930176
1.1585224866867065,-0.47947049140930176
1.1585224866867065,-0.47947049140930176
1.1585052013397217,-0.47947049140930176
1.1585206985473633,-0.47947049140930176
1.1585208177566528,-0.47947049140930176
1.1585034132003784,-0.47947049140930176
0.86958909034729,-0.6921534538269043
0.86958909034729,-0.6625516414642334
0.8695889115333557,-0.6764819025993347
0.8695927858352661,-0.5563334226608276
0.8695927858352661,-0.5929003357887268
0.8695926666259766,-0.6016067862510681
0.86958909034729,-0.685188353061676
0.86958909034729,-0.685188353061676
0.8695889115333557,-0.6033480167388916
1.1977959871292114,-0.4084884226322174
1.0802942514419556,-0.47947049140930176
1.080304741859436,-0.47947049140930176
1.080304741859436,-0.47947049140930176
1.0802849531173706,-0.47947049140930176
1.0802953243255615,-0.47947049140930176
1.0802953243255615,-0.47947049140930176
1.0802850723266602,-0.47947049140930176
1.0802955627441406,-0.47947049140930176
1.0802955627441406,-0.47947049140930176
1.1290863752365112,-0.47947049140930176
0.719206690788269,-0.7618403434753418
1.1290727853775024,-0.47947049140930176
0.7192270755767822,-0.7071543335914612
1.1290730237960815,-0.47947049140930176
0.7192268967628479,-0.7142432928085327
1.1291195154190063,-0.47947049140930176
0.7192209959030151,-0.7101924419403076
1.129106044769287,-0.47947049140930176
0.7192413806915283,-0.7284210920333862
1.1291061639785767,-0.47947049140930176
0.7192412614822388,-0.7638657093048096
1.1291193962097168,-0.47947049140930176
0.7192209959030151,-0.6909511089324951
1.1291059255599976,-0.47947049140930176
0.7192413806915283,-0.697027325630188
1.129106044769287,-0.47947049140930176
0.7192412614822388,-0.7000654339790344
1.0119532346725464,-0.6278480291366577
1.0119532346725464,-0.6278480291366577
1.0119531154632568,-0.6278480291366577
1.0119534730911255,-0.6278480291366577
1.0119534730911255,-0.6278480291366577
1.011953353881836,-0.6278480291366577
1.0119532346725464,-0.6278480291366577
1.0119532346725464,-0.6278480291366577
1.0119531154632568,-0.6278480291366577
1.086982011795044,-0.47947049140930176
1.0869593620300293,-0.47947049140930176
1.0869605541229248,-0.47947049140930176
1.086982011795044,-0.47947049140930176
1.0869593620300293,-0.47947049140930176
1.0869605541229248,-0.47947049140930176
1.0869953632354736,-0.47947049140930176
1.0869728326797485,-0.47947049140930176
1.086974024772644,-0.47947049140930176
