pair cog distance kmc [A],pair cog distance kmc [A], pair nad distance [A],pair nad distance [A], Vc (QP) [eV], d-m corr [eV], total Vc [eV]
6.221863526805438,6.221863526805438,2.013129404683166,2.013129404683166,-0.863295799921616,0.3212503786584711,-0.5420454212631449
18.481180102916575,18.481180102916575,7.008871307136394,7.008871307136394,-0.624089150049258,0.2989378254709518,-0.3251513245783062
7.258825751542043,7.258825751542043,1.7980572849606307,1.7980572849606307,-0.8083179999775894,0.3199792418537802,-0.48833875812380917
19.680401376807893,19.680401376807893,9.99494212089295,9.99494212089295,-0.519516449974617,0.2961056441298659,-0.2234108058447511
8.506211466876184,8.506211466876184,2.1769196126637373,2.1769196126637373,-0.8097331500030123,0.3183311940602589,-0.4914019559427534
11.492197482031337,11.492197482031337,2.2537022873485313,2.2537022873485313,-0.7553503000635828,0.3134253476765152,-0.44192495238706764
9.19020053871209,9.19020053871209,1.948021817126285,1.948021817126285,-0.7791194000055839,0.3172428312772617,-0.46187656872832217
5.719338455152478,5.719338455152478,1.8145354777463052,1.8145354777463052,-0.8519742999815207,0.32181121762878606,-0.5301630823527347
8.13621041397661,8.13621041397661,1.9837454473798108,1.9837454473798108,-0.8419493000001239,0.3188375947496542,-0.5231117052504697
5.914585104808504,5.914585104808504,2.010966185692837,2.010966185692837,-0.922445100000914,0.3215982399639087,-0.6008468600370053
16.718706748295904,16.718706748295904,2.8515311676360837,2.8515311676360837,-0.6700693499078625,0.30294128868447334,-0.36712806122338915
15.210309248107,15.210309248107,1.9175687732125926,1.9175687732125926,-0.690846700072143,0.30619334440846396,-0.38465335566367903
9.748933258607078,9.748933258607078,1.8761313919872444,1.8761313919872444,-0.8083952999731991,0.31636849294522496,-0.4920268070279742
26.922188502268586,26.922188502268586,12.35882975851678,12.35882975851678,-0.47662025001773145,0.27740369490615413,-0.19921655511157732
12.518949050211967,12.518949050211967,3.718081629012436,3.718081629012436,-0.7173821499382029,0.3115516274914598,-0.4058305224467431
8.03373253806807,8.03373253806807,1.9483390362049389,1.9483390362049389,-0.8649718000488065,0.3189810814336431,-0.5459907186151634
7.294855710108684,7.294855710108684,1.7554375522928771,1.7554375522928771,-0.8811643500484934,0.31993258798418545,-0.5612317620643079
7.729767399244339,7.729767399244339,1.9896482101115236,1.9896482101115236,-0.8338444500186597,0.3194075944830892,-0.5144368555355705
11.821307819667378,11.821307819667378,5.0108619019087035,5.0108619019087035,-0.676755799951934,0.3128352508628557,-0.36392054908907834
9.254439038134137,9.254439038134137,2.113033127993985,2.113033127993985,-0.885017950040492,0.31714429079594236,-0.5678736592445497
6.216148528975368,6.216148528975368,2.0186629238186367,2.0186629238186367,-0.8470459499767458,0.3212569650729529,-0.5257889849037929
7.680989806517153,7.680989806517153,1.851723791498067,1.851723791498067,-0.8925366499825031,0.3194775108465843,-0.5730591391359188
10.477125539557145,10.477125539557145,1.91548087957047,1.91548087957047,-0.8118550499966659,0.3151769542042274,-0.4966780957924385
6.445522142810335,6.445522142810335,1.8684097516337235,1.8684097516337235,-0.9143069999809086,0.32098845606249626,-0.5933185439184123
7.293985654011413,7.293985654011413,2.530102369470448,2.530102369470448,-0.8388502499983588,0.3199337166200161,-0.5189165333783428
25.935866911475923,25.935866911475923,17.498842275990718,17.498842275990718,-0.5558696999796666,0.28009788427411075,-0.27577181570555587
7.587256849077128,7.587256849077128,2.17608662511399,2.17608662511399,-0.8609644499483693,0.3195494284942512,-0.541415021454118
28.27860313269966,28.27860313269966,16.330509912430788,16.330509912430788,-0.40817415003402857,0.2736411554224702,-0.13453299461155838
13.502180954519888,13.502180954519888,3.008909603161918,3.008909603161918,-0.6643823499980499,0.30965704083103185,-0.35472530916701805
15.015897088959806,15.015897088959806,6.261574961621066,6.261574961621066,-0.5940623500246147,0.30659980162253664,-0.2874625484020781
