pair distance kmc [A],coulomb binding energy [eV]
1.1201837062835693,-0.4723784923553467
1.12017822265625,-0.3923538327217102
1.1201765537261963,-0.575825035572052
1.1201765537261963,-0.44505301117897034
1.12017822265625,-0.5641140937805176
1.1201765537261963,-0.4723784923553467
1.170979380607605,-0.5582586526870728
1.1709381341934204,-0.47628214955329895
0.6698617935180664,-0.7519415020942688
0.66986083984375,-0.657251238822937
0.6698617935180664,-0.6437240242958069
0.6698337197303772,-0.7411197423934937
0.6698327660560608,-0.6356077194213867
0.6698337197303772,-0.8736861348152161
0.6698340773582458,-0.7221816778182983
0.6698331236839294,-0.6383131742477417
0.6698340773582458,-0.8520426154136658
1.1399277448654175,-0.4216311573982239
1.1399306058883667,-0.5621622800827026
1.1399277448654175,-0.5680177211761475
1.1399776935577393,-0.5524031519889832
1.1399320363998413,-0.3904019892215729
1.139929175376892,-0.4235829710960388
0.7711672186851501,-0.7735849618911743
0.8908662796020508,-0.6684355735778809
0.7711653113365173,-0.651840329170227
0.8909050822257996,-0.5754314064979553
0.7711672186851501,-0.757352352142334
0.8909065127372742,-0.6844707727432251
0.7711673974990845,-0.762763261795044
0.890866219997406,-0.623537003993988
0.7711654901504517,-0.7519415020942688
0.8909050226211548,-0.6812637448310852
0.7711673974990845,-0.7411197423934937
1.1560453176498413,-0.3904019892215729
0.8909063935279846,-0.6812637448310852
0.7711324095726013,-0.708654522895813
0.8908661603927612,-0.601087749004364
0.7711305022239685,-0.6707783937454224
0.8909049034118652,-0.6844707727432251
0.7711324095726013,-0.6897164583206177
1.1560375690460205,-0.5719214081764221
0.8909063339233398,-0.6267440319061279
1.279877781867981,-0.40016111731529236
1.0553325414657593,-0.5948593616485596
1.0553404092788696,-0.5379791259765625
1.0553423166275024,-0.5408231616020203
1.0553295612335205,-0.566419243812561
1.0553374290466309,-0.4924749732017517
1.0553393363952637,-0.5749512910842896
1.0553295612335205,-0.5692632794380188
1.0553375482559204,-0.7143077850341797
1.0553394556045532,-0.586327314376831
1.1037898063659668,-0.5699695944786072
0.7933462858200073,-0.762763261795044
1.1038074493408203,-0.39430564641952515
0.7933284044265747,-0.6626620888710022
1.103805422782898,-0.474330335855484
0.7933283448219299,-0.757352352142334
1.1037898063659668,-0.575825035572052
0.7933462858200073,-0.7411197423934937
1.1038074493408203,-0.48018577694892883
0.7933284044265747,-0.7681741118431091
0.7933283448219299,-0.7167708277702332
1.1037719249725342,-0.5738732218742371
0.7933418154716492,-0.6897164583206177
1.1037895679473877,-0.4021129310131073
0.7933239936828613,-0.7844067215919495
1.1037875413894653,-0.47628214955329895
0.7933238744735718,-0.762763261795044
1.1498416662216187,-0.5602104663848877
1.149843454360962,-0.4489566385746002
1.1498419046401978,-0.5699695944786072
1.0903338193893433,-0.575825035572052
1.0903338193893433,-0.3904019892215729
1.0903844833374023,-0.5524031519889832
1.0903866291046143,-0.44505301117897034
1.0903842449188232,-0.575825035572052
1.0903863906860352,-0.48018577694892883
0.831059455871582,-0.6203299760818481
0.8310778141021729,-0.6107088327407837
0.8310778141021729,-0.7678537964820862
0.831059455871582,-0.6299511194229126
0.8310778141021729,-0.6972989439964294
0.8310778141021729,-0.5946736335754395
0.8310748934745789,-0.6812637448310852
0.8310932517051697,-0.6395722031593323
0.8310932517051697,-0.562603235244751
0.9327110052108765,-0.6940919160842896
1.1636196374893188,-0.4489566385746002
0.9327105283737183,-0.7037129998207092
1.163621187210083,-0.5504513382911682
0.9327110052108765,-0.6524003744125366
1.1636196374893188,-0.4333420693874359
0.9327440857887268,-0.5882595777511597
1.1636124849319458,-0.42943844199180603
0.9327436685562134,-0.7133341431617737
0.9327440857887268,-0.6491933465003967
0.9327437877655029,-0.5818454623222351
1.1636123657226562,-0.40992021560668945
0.9327433109283447,-0.7229552268981934
0.9327437877655029,-0.6940919160842896
1.2476712465286255,-0.4470048248767853
1.1964986324310303,-0.5582586526870728
0.8981921076774597,-0.7838889956474304
0.8981947898864746,-0.7678537964820862
0.8981921076774597,-0.7454045414924622
0.8981921672821045,-0.5850525498390198
0.8981948494911194,-0.6524003744125366
0.8981921672821045,-0.6940919160842896
0.8981997966766357,-0.665228545665741
0.8982024788856506,-0.6524003744125366
0.8981997966766357,-0.7229552268981934
1.15742826461792,-0.5621622800827026
0.8005805611610413,-0.6107088327407837
1.0760142803192139,-0.6488955616950989
0.800580620765686,-0.6459863185882568
1.213227391242981,-0.5524031519889832
1.076014757156372,-0.6403635144233704
0.8005805611610413,-0.7357833981513977
1.0760142803192139,-0.4583468437194824
0.8005805611610413,-0.6491933465003967
1.0760189294815063,-0.6574276089668274
0.800580620765686,-0.623537003993988
1.21322500705719,-0.5699695944786072
0.8005805611610413,-0.6203299760818481
1.0760189294815063,-0.586327314376831
0.8005805611610413,-0.665228545665741
1.0760188102722168,-0.4498147964477539
0.800580620765686,-0.5690173506736755
1.076019287109375,-0.5749512910842896
0.8005805611610413,-0.6588144302368164
1.0760188102722168,-0.6517395377159119
1.1160624027252197,-0.5504513382911682
1.1160914897918701,-0.443101167678833
1.1160626411437988,-0.5699695944786072
1.1160626411437988,-0.575825035572052
1.1591439247131348,-0.5719214081764221
1.1591438055038452,-0.5602104663848877
0.6630353331565857,-0.754646897315979
0.6630775332450867,-0.6464294791221619
0.6630775332450867,-0.657251238822937
0.6630353331565857,-0.6653675436973572
0.6630775332450867,-0.6680729389190674
0.6630775332450867,-0.651840329170227
0.66303950548172,-0.7708795666694641
0.663081705570221,-0.6139642000198364
0.663081705570221,-0.7762904167175293
1.2466773986816406,-0.5797286629676819
1.2466886043548584,-0.41577568650245667
1.0895246267318726,-0.5692632794380188
1.089524507522583,-0.586327314376831
1.0895408391952515,-0.6232994794845581
1.0895248651504517,-0.6403635144233704
1.089524745941162,-0.546511173248291
1.0895410776138306,-0.6176114082336426
1.089524745941162,-0.5692632794380188
1.0895410776138306,-0.6460515260696411
0.7025591731071472,-0.6085533499717712
0.7025591731071472,-0.703243613243103
0.7025495767593384,-0.762763261795044
0.7025513648986816,-0.7654686570167542
0.7025513648986816,-0.7005382180213928
0.7025417685508728,-0.757352352142334
0.7025513052940369,-0.651840329170227
0.7025513052940369,-0.7302979826927185
0.702541708946228,-0.7789958715438843
1.0229980945587158,-0.6119233965873718
1.0229980945587158,-0.5436671376228333
1.0229978561401367,-0.5977033376693726
1.0229978561401367,-0.6716476678848267
1.023016333580017,-0.6062353849411011
1.023056149482727,-0.7143077850341797
1.023056149482727,-0.6119233965873718
1.0230746269226074,-0.44412678480148315
0.8330928087234497,-0.7133341431617737
0.8331007957458496,-0.6459863185882568
0.8331007957458496,-0.5786384344100952
0.8330927491188049,-0.7678537964820862
1.189858317375183,-0.4723784923553467
0.8331007361412048,-0.6556074023246765
0.8331007361412048,-0.6171229481697083
0.8330898880958557,-0.6620215177536011
0.8330978751182556,-0.7678537964820862
0.8330978751182556,-0.6427792310714722
0.8666835427284241,-0.7838889956474304
0.8666832447052002,-0.6075018048286438
0.8666801452636719,-0.5658102631568909
0.8666834235191345,-0.6395722031593323
0.8666831254959106,-0.6684355735778809
0.8666800260543823,-0.562603235244751
0.866674542427063,-0.687677800655365
0.8666741847991943,-0.601087749004364
0.866671085357666,-0.6459863185882568
1.2491278648376465,-0.39430564641952515
0.7867433428764343,-0.705949068069458
1.2462843656539917,-0.4274865984916687
0.7867278456687927,-0.6924219131469727
0.7867266535758972,-0.757352352142334
0.7867433428764343,-0.7817012667655945
0.7867278456687927,-0.7384142875671387
0.7867266535758972,-0.705949068069458
0.7867408394813538,-0.6707783937454224
0.7867253422737122,-0.7221816778182983
0.7867241501808167,-0.754646897315979
1.2462702989578247,-0.4333420693874359
1.1127430200576782,-0.4684748649597168
0.6251111030578613,-0.6801021099090576
1.112769365310669,-0.40016111731529236
0.625095009803772,-0.7780603170394897
0.6250942349433899,-0.7617339491844177
1.1127429008483887,-0.5484995245933533
0.6251111030578613,-0.7407429218292236
0.625095009803772,-0.7477399110794067
1.1127691268920898,-0.5563068389892578
0.6250942349433899,-0.6474494338035583
0.6250389218330383,-0.7640662789344788
1.112823724746704,-0.5543550252914429
0.625022828578949,-0.7384105920791626
0.6250220537185669,-0.6940961480140686
0.6600162982940674,-0.7762904167175293
0.6600203514099121,-0.757352352142334
0.6600203514099121,-0.6707783937454224
0.6600164175033569,-0.657251238822937
0.6600204706192017,-0.6274914145469666
0.6600204706192017,-0.705949068069458
0.6600096821784973,-0.7465305924415588
0.660013735294342,-0.7492360472679138
0.660013735294342,-0.7735849618911743
0.7722077369689941,-0.7789958715438843
0.7722077369689941,-0.762763261795044
1.182412028312683,-0.443101167678833
0.7722077369689941,-0.6112588047981262
0.7722079753875732,-0.7330034375190735
0.7722079157829285,-0.6680729389190674
0.7722079753875732,-0.7005382180213928
1.182412028312683,-0.5816804766654968
0.7722252607345581,-0.6383131742477417
1.2967796325683594,-0.3904019892215729
0.7722252011299133,-0.7817012667655945
0.7722252607345581,-0.7302979826927185
1.1126774549484253,-0.42943844199180603
1.1126779317855835,-0.38845017552375793
1.1127339601516724,-0.5777768492698669
1.1126755475997925,-0.5524031519889832
1.1127320528030396,-0.3904019892215729
1.1126755475997925,-0.4470048248767853
1.1126760244369507,-0.5641140937805176
1.112732172012329,-0.46652305126190186
0.95911705493927,-0.44697079062461853
0.95911705493927,-0.5436671376228333
0.9591172933578491,-0.6033914089202881
1.1582342386245728,-0.40992021560668945
0.9591279029846191,-0.5834832787513733
1.1582342386245728,-0.48213762044906616
0.9591279029846191,-0.5806393027305603
1.158229112625122,-0.38845017552375793
0.9591281414031982,-0.47825491428375244
0.9591280817985535,-0.4697228670120239
0.9591280221939087,-0.6062353849411011
0.9591282606124878,-0.6147674322128296
0.9522465467453003,-0.5550432205200195
0.9522364139556885,-0.6972437500953674
0.9522354006767273,-0.6574276089668274
0.9522465467453003,-0.5379791259765625
0.9522364139556885,-0.566419243812561
0.9522354006767273,-0.5834832787513733
0.9522505402565002,-0.43559473752975464
0.9522404074668884,-0.5948593616485596
0.9522393941879272,-0.5977033376693726
1.065044641494751,-0.5721072554588318
1.0650420188903809,-0.6318314671516418
1.0650420188903809,-0.6887117028236389
1.0650662183761597,-0.6716476678848267
1.0650635957717896,-0.47825491428375244
1.0650660991668701,-0.6261434555053711
1.0650634765625,-0.5891713500022888
0.7088698148727417,-0.7411197423934937
0.7088644504547119,-0.6410185694694519
0.7088643908500671,-0.7762904167175293
0.7088482975959778,-0.7817012667655945
0.708842933177948,-0.754646897315979
0.7088428735733032,-0.7275925874710083
0.7088484168052673,-0.657251238822937
0.7088430523872375,-0.7357088923454285
0.7088429927825928,-0.7519415020942688
1.1528488397598267,-0.5621622800827026
1.152876853942871,-0.3982093036174774
1.152876853942871,-0.39430564641952515
1.020769715309143,-0.7114638090133667
1.020769715309143,-0.6289874911308289
1.0208008289337158,-0.43843874335289
1.0208073854446411,-0.5977033376693726
1.0208009481430054,-0.5834832787513733
1.0208076238632202,-0.4640348553657532
1.0208076238632202,-0.6090794205665588
0.7861113548278809,-0.7654686570167542
1.0491300821304321,-0.7086197733879089
0.7861366271972656,-0.7438251972198486
1.0491310358047485,-0.5521991848945618
0.7861366271972656,-0.6870110034942627
1.0491310358047485,-0.5834832787513733
0.7861091494560242,-0.6464294791221619
1.0491186380386353,-0.5521991848945618
0.7861344218254089,-0.703243613243103
0.7861344218254089,-0.6464294791221619
0.7861091494560242,-0.651840329170227
1.0491186380386353,-0.5749512910842896
0.7861344218254089,-0.8655698299407959
1.0491197109222412,-0.6232994794845581
0.7861344218254089,-0.6410185694694519
1.0491197109222412,-0.6204554438591003
0.9081193804740906,-0.8608579635620117
0.9081193804740906,-0.5946736335754395
0.908111572265625,-0.6427792310714722
0.9081193804740906,-0.5593962073326111
0.9081193804740906,-0.5978806614875793
0.908111572265625,-0.6908848285675049
1.2700858116149902,-0.41577568650245667
0.6352805495262146,-0.7384105920791626
0.635280191898346,-0.8736861348152161
0.6352721452713013,-0.8596920967102051
0.6352693438529968,-0.7267488837242126
0.6352689862251282,-0.7500722408294678
0.6352609395980835,-0.7594016194343567
0.6352693438529968,-0.6451171040534973
0.6352689862251282,-0.7337458729743958
0.6352609395980835,-0.871353805065155
0.8426323533058167,-0.5561891794204712
0.8426323533058167,-0.8576509356498718
0.8426305651664734,-0.6908848285675049
0.8426262140274048,-0.5978806614875793
0.84262615442276,-0.6908848285675049
0.8426243662834167,-0.7165411710739136
0.8426262140274048,-0.7742679119110107
0.84262615442276,-0.6780567169189453
0.8426243662834167,-0.6908848285675049
0.8989261984825134,-0.8416157364845276
0.8989238739013672,-0.8544439077377319
0.8989261984825134,-0.7165411710739136
0.8989261984825134,-0.6203299760818481
0.8989238739013672,-0.8063383102416992
0.8989261984825134,-0.6780567169189453
0.8989281058311462,-0.5690173506736755
0.89892578125,-0.7005059719085693
0.8989281058311462,-0.687677800655365
1.0583508014678955,-0.5948593616485596
1.0583508014678955,-0.6488955616950989
1.0583508014678955,-0.5721072554588318
1.0583508014678955,-0.6432075500488281
1.058350920677185,-0.6574276089668274
0.8721727132797241,-0.7806819677352905
0.9783666729927063,-0.5692632794380188
0.8721721172332764,-0.7037129998207092
0.9783667325973511,-0.4412827789783478
0.8721727132797241,-0.5946736335754395
0.9783666729927063,-0.4640348553657532
0.872172474861145,-0.6620215177536011
0.9783666729927063,-0.5977033376693726
0.8721718788146973,-0.6716426014900208
0.9783667325973511,-0.7114638090133667
0.872172474861145,-0.6459863185882568
0.9783666729927063,-0.6773356795310974
0.8721727132797241,-0.6459863185882568
0.8721721172332764,-0.748611569404602
0.8721727132797241,-0.7101271152496338
1.2434136867523193,-0.47042667865753174
1.2434135675430298,-0.3904019892215729
1.161602258682251,-0.4372457265853882
1.161601185798645,-0.5621622800827026
1.161601185798645,-0.44505301117897034
1.1616021394729614,-0.4118720293045044
1.161601185798645,-0.5797286629676819
1.1616032123565674,-0.5563068389892578
0.8900229930877686,-0.5818454623222351
0.8900229930877686,-0.7101271152496338
0.8900229334831238,-0.726162314414978
0.8900421261787415,-0.7678537964820862
0.8900421261787415,-0.6171229481697083
0.8900420665740967,-0.6042947769165039
0.8900423645973206,-0.6427792310714722
0.8900423049926758,-0.5690173506736755
0.890042245388031,-0.6780567169189453
0.9209544062614441,-0.7357833981513977
0.9209546446800232,-0.8640649914741516
0.9209737181663513,-0.5593962073326111
0.9209517240524292,-0.7133341431617737
0.8519242405891418,-0.6844707727432251
0.9209519624710083,-0.6780567169189453
0.8519242405891418,-0.6780567169189453
0.9209710955619812,-0.6940919160842896
0.8519245386123657,-0.687677800655365
0.9209517240524292,-0.6363651752471924
0.8519242405891418,-0.6363651752471924
0.9209519624710083,-0.8640649914741516
0.8519242405891418,-0.6395722031593323
0.9209710955619812,-0.7454045414924622
0.8519245386123657,-0.748611569404602
0.7098886966705322,-0.6626620888710022
0.7098828554153442,-0.7113599181175232
0.7098828554153442,-0.7384142875671387
0.7098888754844666,-0.757352352142334
0.7098830938339233,-0.6680729389190674
0.7098830938339233,-0.7194762229919434
0.7099264860153198,-0.6788946986198425
0.7099207043647766,-0.7438251972198486
0.7099207043647766,-0.757352352142334
1.2374229431152344,-0.5660659074783325
1.2374708652496338,-0.474330335855484
1.0670632123947144,-0.5692632794380188
1.0670596361160278,-0.566419243812561
1.067103624343872,-0.586327314376831
1.067059874534607,-0.6147674322128296
1.0671038627624512,-0.5550432205200195
1.0670894384384155,-0.43843874335289
1.0671334266662598,-0.6375195384025574
1.0307618379592896,-0.6147674322128296
1.0307564735412598,-0.5607312321662903
1.0307564735412598,-0.6545835733413696
1.0307618379592896,-0.5977033376693726
1.0307564735412598,-0.5635752081871033
1.0073986053466797,-0.46687886118888855
1.00739586353302,-0.5806393027305603
1.0073986053466797,-0.6176114082336426
1.0074048042297363,-0.566419243812561
1.0074020624160767,-0.4725668728351593
1.0074048042297363,-0.566419243812561
1.0074023008346558,-0.5322911143302917
1.0074049234390259,-0.5920153260231018
1.0005682706832886,-0.5977033376693726
1.0005680322647095,-0.7000877261161804
1.0005680322647095,-0.5948593616485596
0.8182983994483948,-0.6588144302368164
0.818301260471344,-0.6972989439964294
0.818301260471344,-0.6556074023246765
0.8182983994483948,-0.6748496294021606
0.818301260471344,-0.6620215177536011
0.818301260471344,-0.6395722031593323
0.8182879686355591,-0.7101271152496338
0.8182908296585083,-0.6331581473350525
0.8182908296585083,-0.5722243785858154
0.7516771554946899,-0.762763261795044
0.7516773343086243,-0.7384142875671387
0.7516771554946899,-0.7330034375190735
0.7516776919364929,-0.8682752847671509
0.7516778707504272,-0.7194762229919434
0.7516776919364929,-0.6329022645950317
0.7516771554946899,-0.7113599181175232
0.7516773343086243,-0.6599566340446472
0.7516771554946899,-0.6166696548461914
1.0293766260147095,-0.5806393027305603
1.0293766260147095,-0.586327314376831
1.02937650680542,-0.4526588022708893
1.02937650680542,-0.6119233965873718
1.0293766260147095,-0.44697079062461853
1.0293766260147095,-0.6119233965873718
0.6742712259292603,-0.6085533499717712
0.6742712259292603,-0.7411197423934937
0.6743301749229431,-0.6680729389190674
0.6742710471153259,-0.760057806968689
0.6742710471153259,-0.6356077194213867
0.6743299961090088,-0.754646897315979
0.6742710471153259,-0.8709806799888611
0.6742710471153259,-0.7194762229919434
0.6743299961090088,-0.8709806799888611
0.774309515953064,-0.7817012667655945
0.9848126173019409,-0.6005473732948303
0.7743094563484192,-0.7465305924415588
0.9848126173019409,-0.6545835733413696
0.7742999196052551,-0.7357088923454285
0.9848166108131409,-0.43275073170661926
0.774319589138031,-0.7302979826927185
0.9848169684410095,-0.6460515260696411
0.7743195295333862,-0.7194762229919434
0.9848169684410095,-0.4611908495426178
0.7743099927902222,-0.708654522895813
0.9848209619522095,-0.4583468437194824
0.774319589138031,-0.8709806799888611
0.9848169684410095,-0.5635752081871033
0.7743195295333862,-0.760057806968689
0.9848169684410095,-0.5920153260231018
0.7743099927902222,-0.6599566340446472
0.9848209619522095,-0.4526588022708893
1.1369048357009888,-0.5543550252914429
1.1369261741638184,-0.47042667865753174
1.136926293373108,-0.5621622800827026
1.1369214057922363,-0.5660659074783325
1.1369212865829468,-0.5797286629676819
0.9785527586936951,-0.6517395377159119
0.9785527586936951,-0.6033914089202881
0.9785527586936951,-0.6346755027770996
0.928379476070404,-0.5946736335754395
0.978553056716919,-0.6602715849876404
0.9283798336982727,-0.7197481989860535
0.9785529971122742,-0.4583468437194824
0.928379476070404,-0.7229552268981934
0.978553056716919,-0.46687886118888855
0.928379476070404,-0.5914666056632996
0.978553056716919,-0.6517395377159119
0.9283798336982727,-0.687677800655365
0.9785529971122742,-0.5834832787513733
0.928379476070404,-0.6331581473350525
0.978553056716919,-0.47825491428375244
0.758916974067688,-0.7167708277702332
0.758916974067688,-0.6626620888710022
0.7589241862297058,-0.7735849618911743
0.7589241862297058,-0.7817012667655945
0.7589242458343506,-0.6058478951454163
0.7589242458343506,-0.7762904167175293
1.2230324745178223,-0.5680177211761475
1.1115810871124268,-0.43529388308525085
1.1115912199020386,-0.3904019892215729
1.1115912199020386,-0.4840894341468811
1.1115448474884033,-0.5445958971977234
1.1115549802780151,-0.4391975402832031
1.1115549802780151,-0.4333420693874359
1.1115490198135376,-0.3962574601173401
1.0980477333068848,-0.5602104663848877
1.0980732440948486,-0.5602104663848877
1.0980721712112427,-0.4274865984916687
1.0980724096298218,-0.5602104663848877
1.0643231868743896,-0.5920153260231018
1.0643188953399658,-0.566419243812561
1.0643231868743896,-0.5777952671051025
1.0643231868743896,-0.5834832787513733
1.0643231868743896,-0.6119233965873718
1.0643188953399658,-0.7029317617416382
1.0643231868743896,-0.7114638090133667
1.0624936819076538,-0.5692632794380188
1.0624936819076538,-0.44697079062461853
1.062496304512024,-0.5920153260231018
1.062496304512024,-0.47541090846061707
1.062496304512024,-0.6943997144699097
1.062496304512024,-0.44412678480148315
0.6895787715911865,-0.7113599181175232
0.6895793080329895,-0.7762904167175293
0.6895787715911865,-0.7438251972198486
0.6895837187767029,-0.6464294791221619
0.6895843148231506,-0.7005382180213928
0.6895837187767029,-0.7844067215919495
0.6895837783813477,-0.762763261795044
0.6895843744277954,-0.6464294791221619
0.6895837783813477,-0.651840329170227
0.5678930282592773,-0.6940961480140686
0.5678825378417969,-0.7990513443946838
0.5678825378417969,-0.7617339491844177
0.5678931474685669,-0.8643568158149719
0.5678827166557312,-0.869021475315094
0.5678826570510864,-0.7710632681846619
0.567851185798645,-0.7500722408294678
0.5678407549858093,-0.7757279872894287
0.5678406953811646,-0.7524045705795288
1.0169597864151,-0.4839429259300232
1.016953945159912,-0.4839429259300232
1.0169538259506226,-0.43843874335289
1.016953945159912,-0.5408231616020203
1.0169538259506226,-0.4412827789783478
1.0169525146484375,-0.5521991848945618
1.0169466733932495,-0.5550432205200195
1.01694655418396,-0.7143077850341797
0.7250288724899292,-0.7465305924415588
0.7250347137451172,-0.7248871326446533
0.7250347137451172,-0.6680729389190674
0.7250490784645081,-0.8493372201919556
1.1906501054763794,-0.575825035572052
0.725054919719696,-0.7167708277702332
0.725054919719696,-0.7465305924415588
0.7250491976737976,-0.7357088923454285
0.7250550389289856,-0.7492360472679138
1.190638542175293,-0.5524031519889832
0.7250550389289856,-0.708654522895813
1.094382643699646,-0.4470048248767853
1.0943573713302612,-0.5484995245933533
1.0943578481674194,-0.5602104663848877
1.094382643699646,-0.4372457265853882
1.0943573713302612,-0.43139025568962097
1.0943577289581299,-0.4645712077617645
1.0943876504898071,-0.4372457265853882
1.0943623781204224,-0.38845017552375793
1.094362735748291,-0.4177275002002716
0.6924342513084412,-0.6410185694694519
0.6924386620521545,-0.7708795666694641
0.6924386024475098,-0.757352352142334
0.6924313902854919,-0.757352352142334
0.6924358010292053,-0.7871121764183044
0.6924357414245605,-0.6924219131469727
0.6923885345458984,-0.7465305924415588
0.6923929452896118,-0.7681741118431091
0.692392885684967,-0.7330034375190735
0.6733778715133667,-0.6139642000198364
0.6733816266059875,-0.651840329170227
0.6733816266059875,-0.7302979826927185
0.6733760237693787,-0.7898176312446594
0.6733797788619995,-0.8006393313407898
0.6733797788619995,-0.7302979826927185
0.6733778715133667,-0.7519415020942688
0.6733816266059875,-0.7113599181175232
0.6733816266059875,-0.7005382180213928
0.8688961863517761,-0.6588144302368164
0.8688912391662598,-0.7293693423271179
0.8688912391662598,-0.6908848285675049
1.1644330024719238,-0.5563068389892578
0.8688961863517761,-0.687677800655365
0.8688912391662598,-0.5914666056632996
1.164437174797058,-0.4274865984916687
0.8688912391662598,-0.5882595777511597
1.1643990278244019,-0.5699695944786072
0.8688935041427612,-0.623537003993988
0.8688885569572449,-0.6908848285675049
0.8688885569572449,-0.6524003744125366
1.0491505861282349,-0.4583468437194824
1.0491477251052856,-0.6289874911308289
1.0491505861282349,-0.6033914089202881
1.049164056777954,-0.5721072554588318
1.0491611957550049,-0.5806393027305603
1.049164056777954,-0.5578871965408325
1.0491641759872437,-0.44412678480148315
1.0491641759872437,-0.5891713500022888
0.5941570401191711,-0.7477399110794067
0.5941644310951233,-0.6497817635536194
0.5941644310951233,-0.7384105920791626
0.5941571593284607,-0.7547369599342346
0.5941645503044128,-0.7034255266189575
0.5941644906997681,-0.7547369599342346
0.5942301154136658,-0.7384105920791626
1.146918535232544,-0.38845017552375793
0.5942375063896179,-0.7197518944740295
0.5942374467849731,-0.7687309384346008
0.8986659049987793,-0.6139159202575684
0.8986565470695496,-0.7293693423271179
0.8986563086509705,-0.7838889956474304
1.16731595993042,-0.4333420693874359
0.8986626863479614,-0.6588144302368164
0.8986533284187317,-0.6620215177536011
1.1673201322555542,-0.5680177211761475
0.8986530900001526,-0.5978806614875793
1.167319893836975,-0.4723784923553467
0.8986629843711853,-0.6459863185882568
0.8986536264419556,-0.6972989439964294
0.8986533880233765,-0.6620215177536011
1.16731595993042,-0.45481210947036743
1.179636836051941,-0.5602104663848877
0.7981225252151489,-0.6437240242958069
1.167838215827942,-0.5524031519889832
0.7981231212615967,-0.654545783996582
1.1796101331710815,-0.5641140937805176
0.7981225252151489,-0.6978327631950378
1.1678268909454346,-0.5699695944786072
1.1796326637268066,-0.5680177211761475
0.7981129884719849,-0.754646897315979
0.7981135845184326,-0.7275925874710083
0.7981129884719849,-0.7275925874710083
0.7981131076812744,-0.6978327631950378
0.7981137037277222,-0.6626620888710022
1.1678086519241333,-0.4626193940639496
1.1796106100082397,-0.42943844199180603
0.7981131076812744,-0.7438251972198486
0.9948949813842773,-0.6062353849411011
1.0654782056808472,-0.5692632794380188
0.994900107383728,-0.48963093757629395
1.0654728412628174,-0.5749512910842896
1.0654728412628174,-0.5692632794380188
1.0654560327529907,-0.4839429259300232
0.9949281811714172,-0.4924749732017517
0.9949283003807068,-0.4640348553657532
1.0654505491256714,-0.5977033376693726
0.9949271082878113,-0.4640348553657532
1.0654560327529907,-0.5777952671051025
0.994932234287262,-0.5322911143302917
1.065450668334961,-0.5977033376693726
0.9949323534965515,-0.5521991848945618
1.065450668334961,-0.5948593616485596
1.1047098636627197,-0.4177275002002716
1.0467441082000732,-0.586327314376831
1.0467441082000732,-0.5891713500022888
1.1047199964523315,-0.5699695944786072
1.0467195510864258,-0.6943997144699097
1.0467195510864258,-0.5635752081871033
1.1047230958938599,-0.5621622800827026
1.0467199087142944,-0.6460515260696411
1.1047230958938599,-0.5816804766654968
1.0467199087142944,-0.5607312321662903
1.1047230958938599,-0.38845017552375793
0.771171510219574,-0.7384142875671387
0.7711549401283264,-0.7844067215919495
0.7711547613143921,-0.654545783996582
0.7711658477783203,-0.6410185694694519
0.7711493372917175,-0.7925230264663696
0.7711490988731384,-0.7789958715438843
0.7711659073829651,-0.7330034375190735
0.7711493372917175,-0.6897164583206177
0.7711491584777832,-0.7654686570167542
1.030692458152771,-0.546511173248291
0.8655166029930115,-0.5914666056632996
1.0306962728500366,-0.6688036322593689
0.8655166029930115,-0.5978806614875793
1.0306963920593262,-0.6688036322593689
1.0306951999664307,-0.44697079062461853
0.865517258644104,-0.7197481989860535
1.0306990146636963,-0.5721072554588318
0.865517258644104,-0.6107088327407837
1.0306991338729858,-0.5834832787513733
1.030692458152771,-0.5891713500022888
0.8655166029930115,-0.6972989439964294
1.0306962728500366,-0.6062353849411011
0.8655166029930115,-0.7325763702392578
1.0306963920593262,-0.6289874911308289
1.1955467462539673,-0.5816804766654968
0.9575917720794678,-0.5777952671051025
0.9575945734977722,-0.43559473752975464
0.957594633102417,-0.5635752081871033
0.9575432538986206,-0.46687886118888855
0.957546055316925,-0.5635752081871033
0.9575461149215698,-0.6631156206130981
0.9575434923171997,-0.5721072554588318
0.9575462937355042,-0.6574276089668274
0.9575463533401489,-0.5635752081871033
1.1728266477584839,-0.43529388308525085
1.0122543573379517,-0.47541090846061707
1.012254238128662,-0.43559473752975464
1.0122357606887817,-0.5635752081871033
1.0122569799423218,-0.5607312321662903
1.0122568607330322,-0.4810989201068878
1.0122383832931519,-0.5806393027305603
1.0122545957565308,-0.6147674322128296
1.0122545957565308,-0.7143077850341797
1.0122361183166504,-0.526603102684021
0.8151302933692932,-0.6171229481697083
0.81512451171875,-0.6748496294021606
0.8151244521141052,-0.5754314064979553
0.815130352973938,-0.7870960831642151
0.8151246309280396,-0.7069200277328491
0.8151245713233948,-0.6716426014900208
0.8151302933692932,-0.6459863185882568
0.81512451171875,-0.6972989439964294
0.8151244521141052,-0.6075018048286438
1.057891845703125,-0.6062353849411011
1.0578856468200684,-0.5834832787513733
1.0578856468200684,-0.5834832787513733
1.0578856468200684,-0.5635752081871033
1.0578794479370117,-0.6403635144233704
1.0578856468200684,-0.6176114082336426
1.0578793287277222,-0.5692632794380188
0.8590361475944519,-0.7101271152496338
0.8590291142463684,-0.6748496294021606
0.8590287566184998,-0.7646467685699463
0.8590347170829773,-0.6844707727432251
0.8590276837348938,-0.7133341431617737
0.8590273261070251,-0.5690173506736755
0.85905522108078,-0.726162314414978
0.8590482473373413,-0.6267440319061279
0.8590478897094727,-0.5818454623222351
0.989944338798523,-0.7086197733879089
0.9899445176124573,-0.5920153260231018
0.9898880124092102,-0.5408231616020203
0.9899418950080872,-0.6005473732948303
0.9899420738220215,-0.5635752081871033
0.9898855686187744,-0.5806393027305603
0.989944338798523,-0.5777952671051025
0.9899445176124573,-0.7143077850341797
0.9898880124092102,-0.5977033376693726
1.0518299341201782,-0.5721072554588318
1.0518258810043335,-0.7114638090133667
1.0518280267715454,-0.5891713500022888
1.0518279075622559,-0.7143077850341797
1.0518239736557007,-0.6204554438591003
1.0518299341201782,-0.5891713500022888
1.0518298149108887,-0.5692632794380188
1.0518258810043335,-0.4839429259300232
1.0318204164505005,-0.4526588022708893
1.155902624130249,-0.5719214081764221
1.15494966506958,-0.4840894341468811
1.03182053565979,-0.4697228670120239
1.0318223237991333,-0.44412678480148315
1.0318224430084229,-0.4412827789783478
1.154953122138977,-0.40016111731529236
1.0318716764450073,-0.6545835733413696
1.0318204164505005,-0.6375195384025574
1.03182053565979,-0.5578871965408325
1.031869888305664,-0.6062353849411011
1.153849482536316,-0.474330335855484
1.1538597345352173,-0.5621622800827026
1.1538465023040771,-0.575825035572052
0.9758298993110657,-0.6545835733413696
0.9758743643760681,-0.6744916439056396
0.9758723378181458,-0.4725668728351593
0.975829005241394,-0.586327314376831
0.9758734703063965,-0.6090794205665588
0.9758714437484741,-0.5777952671051025
0.9758217334747314,-0.7143077850341797
0.9758661985397339,-0.6801796555519104
0.9758641719818115,-0.6631156206130981
1.0278995037078857,-0.5777952671051025
1.0609662532806396,-0.705775797367096
1.0279011726379395,-0.6432075500488281
1.027901291847229,-0.6631156206130981
1.0609253644943237,-0.6176114082336426
1.0279037952423096,-0.566419243812561
1.0609662532806396,-0.44697079062461853
1.0609253644943237,-0.5749512910842896
1.0279055833816528,-0.6289874911308289
1.0609252452850342,-0.7086197733879089
1.0609662532806396,-0.6318314671516418
1.0279011726379395,-0.45550280809402466
1.0609254837036133,-0.47825491428375244
1.027901291847229,-0.546511173248291
1.0609253644943237,-0.5635752081871033
1.09634530544281,-0.3982093036174774
1.0963451862335205,-0.3923538327217102
1.0963561534881592,-0.5680177211761475
1.0963454246520996,-0.5777768492698669
1.09634530544281,-0.5719214081764221
1.0963562726974487,-0.45481210947036743
1.0963497161865234,-0.38845017552375793
1.0963605642318726,-0.5719214081764221
0.6626986861228943,-0.7248871326446533
0.6626988649368286,-0.6410185694694519
0.6626952886581421,-0.6870110034942627
0.6626985669136047,-0.6085533499717712
0.6626987457275391,-0.7384142875671387
0.6626951694488525,-0.754646897315979
0.6627152562141418,-0.703243613243103
0.6627154350280762,-0.7681741118431091
0.6627118587493896,-0.657251238822937
1.1782853603363037,-0.5738732218742371
0.7336736917495728,-0.757352352142334
0.7336736917495728,-0.7735849618911743
0.7336753010749817,-0.7248871326446533
0.7336747646331787,-0.6816001534461975
0.7336747646331787,-0.6897164583206177
1.2200204133987427,-0.575825035572052
0.7336763739585876,-0.651840329170227
0.7336736917495728,-0.6410185694694519
0.7336736917495728,-0.6897164583206177
0.7336753010749817,-0.7492360472679138
0.6570637822151184,-0.6329022645950317
0.6570412516593933,-0.8628643751144409
0.657041072845459,-0.762763261795044
0.6570637822151184,-0.6951273083686829
0.6570412516593933,-0.8412209153175354
0.657041072845459,-0.7221816778182983
0.6570475101470947,-0.7735849618911743
0.6570249795913696,-0.7194762229919434
0.6570248007774353,-0.7113599181175232
1.2548338174819946,-0.48018577694892883
0.9443283677101135,-0.6289874911308289
0.9443284273147583,-0.5436671376228333
0.9442914128303528,-0.4810989201068878
0.9443286061286926,-0.5806393027305603
0.9443286657333374,-0.586327314376831
0.9442916512489319,-0.4583468437194824
0.9443283677101135,-0.5891713500022888
0.9443284273147583,-0.5721072554588318
0.9442914128303528,-0.7114638090133667
1.1699193716049194,-0.4840894341468811
1.1699120998382568,-0.5602104663848877
1.2025477886199951,-0.5719214081764221
0.9998646378517151,-0.566419243812561
1.092166781425476,-0.5699695944786072
1.0717989206314087,-0.5920153260231018
0.9998646378517151,-0.6147674322128296
0.9998691082000732,-0.4611908495426178
1.0921634435653687,-0.4489566385746002
1.07179594039917,-0.6090794205665588
0.9998658299446106,-0.549355149269104
1.0921639204025269,-0.5524031519889832
1.0718003511428833,-0.5692632794380188
0.9998658895492554,-0.6488955616950989
1.0921639204025269,-0.3904019892215729
1.0717955827713013,-0.6033914089202881
0.9998703598976135,-0.5721072554588318
1.0921605825424194,-0.5641140937805176
1.0717946290969849,-0.586327314376831
0.9998646378517151,-0.5948593616485596
1.0717989206314087,-0.5578871965408325
0.9998646378517151,-0.7143077850341797
1.092166781425476,-0.5582586526870728
1.0717941522598267,-0.7114638090133667
0.9998691082000732,-0.5408231616020203
1.0921634435653687,-0.43529388308525085
1.0753147602081299,-0.6915557384490967
1.0753271579742432,-0.5521991848945618
1.0753272771835327,-0.6090794205665588
1.075312852859497,-0.5578871965408325
1.0753252506256104,-0.6147674322128296
1.0753253698349,-0.6858676671981812
1.0753216743469238,-0.586327314376831
1.2123081684112549,-0.5621622800827026
1.075334072113037,-0.705775797367096
1.2122961282730103,-0.5563068389892578
1.075334072113037,-0.4611908495426178
0.8861415386199951,-0.6940919160842896
0.8861418962478638,-0.6684355735778809
0.8861157894134521,-0.5658102631568909
0.8861414790153503,-0.7037129998207092
0.8861417770385742,-0.7133341431617737
0.8861157298088074,-0.601087749004364
0.8861327767372131,-0.6844707727432251
0.8861331343650818,-0.7646467685699463
0.8861070275306702,-0.6588144302368164
1.1916885375976562,-0.575825035572052
0.7714996337890625,-0.7411197423934937
0.7715191841125488,-0.8736861348152161
0.7715191841125488,-0.7492360472679138
0.7715345621109009,-0.7871121764183044
0.7715541124343872,-0.754646897315979
0.7715541124343872,-0.7005382180213928
0.7715344429016113,-0.7384142875671387
0.7715539932250977,-0.762763261795044
0.7715539932250977,-0.7275925874710083
0.8620074987411499,-0.5690173506736755
0.8620089888572693,-0.6075018048286438
0.8620074987411499,-0.7101271152496338
0.8620231747627258,-0.6844707727432251
0.8620246648788452,-0.6107088327407837
0.8620231747627258,-0.5914666056632996
0.8620231747627258,-0.8608579635620117
0.8620246648788452,-0.6299511194229126
0.8620231747627258,-0.6459863185882568
0.6123924255371094,-0.7267488837242126
0.6123896241188049,-0.7430752515792847
0.6123896241188049,-0.7594016194343567
0.6123862862586975,-0.7594016194343567
0.6123834252357483,-0.7337458729743958
0.6123834252357483,-0.7430752515792847
0.6123863458633423,-0.7780603170394897
0.6123834848403931,-0.7360782623291016
0.6123834848403931,-0.7617339491844177
0.8496299386024475,-0.7357833981513977
0.8496299386024475,-0.5658102631568909
0.8496299386024475,-0.7005059719085693
0.8496417999267578,-0.7229552268981934
0.8496417999267578,-0.6684355735778809
0.8496417999267578,-0.6139159202575684
0.8496416807174683,-0.7742679119110107
0.8496416807174683,-0.5754314064979553
0.8496416807174683,-0.5658102631568909
0.688685417175293,-0.7654686570167542
0.688685417175293,-0.7113599181175232
0.6886591911315918,-0.757352352142334
0.6886591911315918,-0.757352352142334
1.2058125734329224,-0.42553478479385376
0.688659131526947,-0.8682752847671509
0.688659131526947,-0.7438251972198486
0.9806914925575256,-0.5351351499557495
0.9806914925575256,-0.566419243812561
0.9806944131851196,-0.6232994794845581
0.980691134929657,-0.6289874911308289
0.980691134929657,-0.5948593616485596
0.980694055557251,-0.5948593616485596
0.9806914925575256,-0.5721072554588318
0.9806914925575256,-0.6858676671981812
0.9806944131851196,-0.5408231616020203
1.0368335247039795,-0.5777952671051025
1.0368361473083496,-0.5834832787513733
1.0367929935455322,-0.7086197733879089
1.0368340015411377,-0.5977033376693726
1.0368367433547974,-0.5920153260231018
1.03679358959198,-0.47825491428375244
1.0368335247039795,-0.5521991848945618
1.0368361473083496,-0.5607312321662903
1.0367929935455322,-0.47825491428375244
1.224627137184143,-0.42943844199180603
0.9166180491447449,-0.6620215177536011
0.9166195392608643,-0.6588144302368164
0.9166180491447449,-0.6908848285675049
0.9165984988212585,-0.7165411710739136
0.9165999889373779,-0.7357833981513977
0.9165984988212585,-0.5946736335754395
0.9165986776351929,-0.6427792310714722
0.916600227355957,-0.6684355735778809
0.9165986776351929,-0.5786384344100952
0.9047444462776184,-0.7229552268981934
0.9047444462776184,-0.7165411710739136
0.9047609567642212,-0.6459863185882568
0.9047443270683289,-0.6042947769165039
0.9047442674636841,-0.6427792310714722
0.9047607779502869,-0.6620215177536011
0.9047781229019165,-0.5786384344100952
0.9047780632972717,-0.8640649914741516
0.9047945737838745,-0.6684355735778809
1.1991525888442993,-0.4723784923553467
1.0475507974624634,-0.6176114082336426
1.144116997718811,-0.5719214081764221
1.047550916671753,-0.5436671376228333
1.144118309020996,-0.5465477108955383
1.0475507974624634,-0.4924749732017517
1.1441303491592407,-0.5680177211761475
1.047555923461914,-0.5692632794380188
1.1441175937652588,-0.5524031519889832
1.0475560426712036,-0.5692632794380188
1.1441189050674438,-0.38845017552375793
1.047555923461914,-0.49816298484802246
1.1441309452056885,-0.4333420693874359
1.0475558042526245,-0.7029317617416382
1.2033491134643555,-0.5738732218742371
1.047555923461914,-0.5834832787513733
1.1441189050674438,-0.5699695944786072
1.0475558042526245,-0.5749512910842896
1.0273525714874268,-0.7086197733879089
1.027353286743164,-0.5749512910842896
1.0273345708847046,-0.4498147964477539
1.0273526906967163,-0.5692632794380188
1.0273535251617432,-0.6090794205665588
1.0273346900939941,-0.6119233965873718
1.0272870063781738,-0.6090794205665588
1.0272878408432007,-0.4810989201068878
1.0272690057754517,-0.5920153260231018
1.0920493602752686,-0.43529388308525085
1.0920488834381104,-0.4216311573982239
1.09200119972229,-0.5680177211761475
1.0920493602752686,-0.46652305126190186
1.0920488834381104,-0.4391975402832031
1.09200119972229,-0.47042667865753174
1.0920472145080566,-0.4626193940639496
1.0920467376708984,-0.5641140937805176
1.047082781791687,-0.5777952671051025
1.0470824241638184,-0.6574276089668274
1.0470824241638184,-0.4725668728351593
1.0471198558807373,-0.5806393027305603
1.047114372253418,-0.5920153260231018
1.0471140146255493,-0.549355149269104
1.0471514463424683,-0.5351351499557495
1.2605555057525635,-0.42553478479385376
0.9901681542396545,-0.5550432205200195
0.990168035030365,-0.5550432205200195
0.9902152419090271,-0.43559473752975464
0.9901681542396545,-0.586327314376831
0.990168035030365,-0.5721072554588318
0.9902152419090271,-0.6232994794845581
0.9901506900787354,-0.6574276089668274
0.9901505708694458,-0.43559473752975464
0.9901977181434631,-0.43275073170661926
0.9956026673316956,-0.5521991848945618
0.9956027865409851,-0.6090794205665588
0.9956914782524109,-0.5891713500022888
0.9956035614013672,-0.45550280809402466
0.9956036806106567,-0.7029317617416382
0.9956924319267273,-0.5578871965408325
0.9956026673316956,-0.5948593616485596
0.9956027865409851,-0.7000877261161804
0.9956914782524109,-0.566419243812561
0.9768790602684021,-0.6375195384025574
0.8781312108039856,-0.7197481989860535
0.9768815636634827,-0.4697228670120239
0.8781311511993408,-0.6459863185882568
0.9768452644348145,-0.4412827789783478
0.8781356811523438,-0.7229552268981934
0.9768778681755066,-0.4924749732017517
0.8781316876411438,-0.8544439077377319
0.9768803715705872,-0.7086197733879089
0.878131628036499,-0.7742679119110107
0.976844072341919,-0.5948593616485596
0.878136157989502,-0.6684355735778809
0.9768790602684021,-0.6545835733413696
0.8781312108039856,-0.5978806614875793
0.9768815636634827,-0.48963093757629395
0.8781311511993408,-0.6299511194229126
0.9768452644348145,-0.48963093757629395
0.8781356811523438,-0.6075018048286438
1.0220415592193604,-0.43275073170661926
1.0220415592193604,-0.7000877261161804
1.0220396518707275,-0.43843874335289
1.0220379829406738,-0.6176114082336426
1.0220381021499634,-0.6204554438591003
1.022036075592041,-0.7000877261161804
1.0220415592193604,-0.5920153260231018
1.0220415592193604,-0.5607312321662903
1.0220396518707275,-0.4498147964477539
1.1995091438293457,-0.4372457265853882
1.1995090246200562,-0.3923538327217102
1.1995505094528198,-0.39430564641952515
0.8660468459129333,-0.6716426014900208
0.8660469055175781,-0.7101271152496338
0.8660244941711426,-0.6940919160842896
0.8660465478897095,-0.5754314064979553
0.8660466074943542,-0.5722243785858154
0.8660241961479187,-0.7678537964820862
0.8660468459129333,-0.6684355735778809
0.8660469055175781,-0.6972989439964294
0.8660244941711426,-0.7229552268981934
0.972657322883606,-0.7143077850341797
0.9726561307907104,-0.586327314376831
0.972665548324585,-0.5977033376693726
0.972659707069397,-0.6460515260696411
0.9726585149765015,-0.5891713500022888
0.972667932510376,-0.6432075500488281
0.972657322883606,-0.6090794205665588
0.9726561307907104,-0.6090794205665588
0.972665548324585,-0.5721072554588318
1.1813361644744873,-0.3962574601173401
1.181341528892517,-0.4626193940639496
1.1813414096832275,-0.41967931389808655
0.9634750485420227,-0.5806393027305603
0.9634751677513123,-0.5607312321662903
0.9634820818901062,-0.5721072554588318
0.9634745717048645,-0.6176114082336426
0.963474690914154,-0.586327314376831
0.963481605052948,-0.5777952671051025
0.9634750485420227,-0.5607312321662903
0.9634751677513123,-0.6517395377159119
0.9634820818901062,-0.566419243812561
0.8793846964836121,-0.7293693423271179
0.8793826103210449,-0.5593962073326111
0.8793967962265015,-0.7550256252288818
0.8793846964836121,-0.6107088327407837
0.8793826103210449,-0.5561891794204712
0.8793967962265015,-0.665228545665741
0.8793790936470032,-0.6844707727432251
0.879377007484436,-0.6716426014900208
0.8793911933898926,-0.7101271152496338
1.1445561647415161,-0.4626193940639496
1.1445562839508057,-0.42943844199180603
1.1445834636688232,-0.4626193940639496
1.1445834636688232,-0.47042667865753174
0.7586113214492798,-0.6491348743438721
0.7586114406585693,-0.7492360472679138
0.7585792541503906,-0.7762904167175293
0.7586113214492798,-0.7762904167175293
0.7586114406585693,-0.6247859597206116
0.7585792541503906,-0.7762904167175293
0.7586137652397156,-0.6626620888710022
0.7586138844490051,-0.7519415020942688
0.7585816979408264,-0.6924219131469727
1.043644905090332,-0.5635752081871033
1.0436450242996216,-0.5607312321662903
1.0436564683914185,-0.5692632794380188
1.0436450242996216,-0.43275073170661926
1.0436451435089111,-0.7114638090133667
1.043656587600708,-0.5550432205200195
1.0436450242996216,-0.5010070204734802
1.0436564683914185,-0.7143077850341797
0.9571123719215393,-0.705775797367096
0.9571122527122498,-0.6346755027770996
0.9571073055267334,-0.5721072554588318
0.9570438265800476,-0.5692632794380188
0.9570437073707581,-0.5408231616020203
0.9570387601852417,-0.549355149269104
0.9570437073707581,-0.5948593616485596
0.9570435881614685,-0.6119233965873718
0.9570385813713074,-0.7114638090133667
0.9049435257911682,-0.851236879825592
1.204640507698059,-0.47042667865753174
0.9049434065818787,-0.5754314064979553
0.904930830001831,-0.5658102631568909
0.9049443602561951,-0.8736861348152161
0.9049442410469055,-0.7870960831642151
0.9049316644668579,-0.601087749004364
0.9049435257911682,-0.6588144302368164
0.9049434065818787,-0.5786384344100952
0.904930830001831,-0.7293693423271179
0.6886841058731079,-0.7113599181175232
0.5842261910438538,-0.7477399110794067
1.0954391956329346,-0.575825035572052
0.6886840462684631,-0.7681741118431091
0.5842260718345642,-0.6917638182640076
1.0954394340515137,-0.5524031519889832
0.6886982321739197,-0.7519415020942688
0.5842506885528564,-0.7197518944740295
1.0954315662384033,-0.5699695944786072
0.6886674165725708,-0.7735849618911743
0.584248423576355,-0.6917638182640076
1.0954198837280273,-0.3962574601173401
0.6886674165725708,-0.651840329170227
0.5842482447624207,-0.7687309384346008
1.0954201221466064,-0.4723784923553467
0.6886816024780273,-0.7871121764183044
0.5842728614807129,-0.7500722408294678
1.095412254333496,-0.5602104663848877
0.6886674165725708,-0.7438251972198486
0.5842486619949341,-0.7127548456192017
0.6886674165725708,-0.7330034375190735
0.5842485427856445,-0.7290812134742737
0.6886816024780273,-0.7681741118431091
0.5842731595039368,-0.7640662789344788
1.0954124927520752,-0.5797286629676819
1.2483429908752441,-0.42553478479385376
1.232236385345459,-0.5797286629676819
0.8184186816215515,-0.665228545665741
0.8184188008308411,-0.6524003744125366
0.8184186816215515,-0.8576509356498718
0.8184186816215515,-0.5754314064979553
0.8184188008308411,-0.5593962073326111
0.8184186816215515,-0.7165411710739136
0.8184186816215515,-0.5914666056632996
0.8184188008308411,-0.8704791069030762
0.8184186816215515,-0.7197481989860535
0.6310796141624451,-0.7780603170394897
0.6310796737670898,-0.7663986086845398
1.1228762865066528,-0.5602104663848877
0.6310778856277466,-0.7617339491844177
0.6310796141624451,-0.7640662789344788
1.1228761672973633,-0.4333420693874359
0.6310796737670898,-0.6427847146987915
0.6310778856277466,-0.6567787528038025
0.6310892701148987,-0.7524045705795288
0.6310892701148987,-0.7640662789344788
0.6310875415802002,-0.7640662789344788
1.1228585243225098,-0.45090845227241516
0.9850667715072632,-0.6204554438591003
0.985046923160553,-0.5607312321662903
0.9850470423698425,-0.6574276089668274
0.9850618243217468,-0.4697228670120239
0.9850419759750366,-0.4810989201068878
0.9850420951843262,-0.7143077850341797
0.9850618243217468,-0.5578871965408325
0.9850419759750366,-0.6261434555053711
0.9850420951843262,-0.5777952671051025
0.9105695486068726,-0.6780567169189453
0.910564661026001,-0.6459863185882568
0.910564661026001,-0.6556074023246765
0.9105872511863708,-0.562603235244751
0.9105823040008545,-0.5593962073326111
0.9105823040008545,-0.6042947769165039
0.9105875492095947,-0.601087749004364
0.9105826020240784,-0.6042947769165039
0.9105826020240784,-0.6075018048286438
0.9085829257965088,-0.6588144302368164
0.9085829257965088,-0.5914666056632996
0.9085813164710999,-0.7005059719085693
0.9085813164710999,-0.6620215177536011
0.9085675477981567,-0.8736861348152161
0.9085675477981567,-0.6556074023246765
0.9466686844825745,-0.529447078704834
0.9466676115989685,-0.6346755027770996
0.9466530084609985,-0.5777952671051025
0.9466315507888794,-0.45550280809402466
0.9466304779052734,-0.546511173248291
0.9466158747673035,-0.6631156206130981
0.9466318488121033,-0.705775797367096
0.9466307759284973,-0.5692632794380188
0.9466161727905273,-0.43843874335289
0.9594157934188843,-0.5777952671051025
0.9594447612762451,-0.6062353849411011
0.9594447612762451,-0.7029317617416382
0.9594157934188843,-0.6801796555519104
0.9594447612762451,-0.586327314376831
0.9594447612762451,-0.5607312321662903
0.9594206809997559,-0.4412827789783478
0.9594496488571167,-0.44412678480148315
0.9594496488571167,-0.6801796555519104
1.023142695426941,-0.6176114082336426
1.0231244564056396,-0.6062353849411011
1.0231446027755737,-0.5721072554588318
1.023126244544983,-0.6033914089202881
1.0231444835662842,-0.4526588022708893
1.023126244544983,-0.5692632794380188
1.023126244544983,-0.5749512910842896
1.0992931127548218,-0.4372457265853882
1.082859992980957,-0.5977033376693726
0.9369089603424072,-0.5978806614875793
1.082859992980957,-0.5749512910842896
0.9369089007377625,-0.6716426014900208
1.0828595161437988,-0.5749512910842896
0.9369436502456665,-0.8736861348152161
1.099323034286499,-0.4528602957725525
1.0828548669815063,-0.6545835733413696
0.936904788017273,-0.7101271152496338
1.0993231534957886,-0.5816804766654968
1.0828548669815063,-0.4697228670120239
0.9369047284126282,-0.6459863185882568
1.0828543901443481,-0.705775797367096
0.936939537525177,-0.601087749004364
1.0993192195892334,-0.45481210947036743
0.9369048476219177,-0.562603235244751
1.099319338798523,-0.4333420693874359
1.0828548669815063,-0.5550432205200195
0.936904788017273,-0.6427792310714722
1.0993353128433228,-0.4645712077617645
0.9369395971298218,-0.6972989439964294
1.1274921894073486,-0.5621622800827026
0.9870011806488037,-0.4498147964477539
1.1274921894073486,-0.42943844199180603
0.9870011806488037,-0.6033914089202881
0.9870011806488037,-0.5977033376693726
1.282233715057373,-0.3982093036174774
0.9870007634162903,-0.5777952671051025
1.1275238990783691,-0.43529388308525085
0.9870007634162903,-0.44697079062461853
1.1275451183319092,-0.4333420693874359
0.9870007634162903,-0.4611908495426178
0.9870004057884216,-0.5550432205200195
1.1275242567062378,-0.5738732218742371
0.9870004057884216,-0.43275073170661926
0.9870004057884216,-0.5749512910842896
0.7353671789169312,-0.7248871326446533
0.7353333830833435,-0.7465305924415588
0.7353330850601196,-0.7817012667655945
0.7353672385215759,-0.654545783996582
0.7353334426879883,-0.7492360472679138
0.7353332042694092,-0.760057806968689
0.7353627681732178,-0.7384142875671387
0.7353289723396301,-0.654545783996582
0.7353286743164062,-0.7654686570167542
0.7590699791908264,-0.7357088923454285
0.7590699791908264,-0.757352352142334
1.2357068061828613,-0.4235829710960388
0.759070098400116,-0.7519415020942688
0.759056568145752,-0.7384142875671387
0.759056568145752,-0.6437240242958069
0.7590566873550415,-0.754646897315979
0.7590563893318176,-0.708654522895813
0.7590564489364624,-0.6193751096725464
0.7590565085411072,-0.7411197423934937
0.9400848150253296,-0.6203299760818481
0.9401095509529114,-0.5946736335754395
0.9401094317436218,-0.5754314064979553
0.9400848150253296,-0.7069200277328491
0.9401095509529114,-0.6075018048286438
0.9401094317436218,-0.8608579635620117
1.0341984033584595,-0.6631156206130981
1.0341984033584595,-0.6943997144699097
1.0341981649398804,-0.4725668728351593
1.0341981649398804,-0.549355149269104
1.0342235565185547,-0.6261434555053711
1.0342235565185547,-0.5891713500022888
0.78310626745224,-0.757352352142334
0.7831049561500549,-0.7465305924415588
0.7830843925476074,-0.705949068069458
0.7831052541732788,-0.7438251972198486
0.7831039428710938,-0.7167708277702332
0.7830833792686462,-0.651840329170227
0.7831052541732788,-0.7384142875671387
0.7831039428710938,-0.7438251972198486
0.7830833792686462,-0.6761892437934875
0.7405725717544556,-0.708654522895813
0.7405725121498108,-0.757352352142334
0.7405690550804138,-0.7005382180213928
0.7405697703361511,-0.7465305924415588
0.7405697107315063,-0.7465305924415588
0.7405662536621094,-0.6680729389190674
1.165691614151001,-0.5797286629676819
0.7405697703361511,-0.6626620888710022
0.7405697107315063,-0.7113599181175232
0.7405662536621094,-0.7005382180213928
0.8030396699905396,-0.8608579635620117
0.8030557036399841,-0.7197481989860535
0.8030555844306946,-0.5658102631568909
1.2126415967941284,-0.5816804766654968
0.8030396699905396,-0.6395722031593323
0.8030557036399841,-0.5658102631568909
0.8030555844306946,-0.5722243785858154
0.8030213713645935,-0.7069200277328491
0.8030374050140381,-0.7005059719085693
0.8030372858047485,-0.5690173506736755
1.1520496606826782,-0.43139025568962097
1.1520495414733887,-0.44505301117897034
1.1384960412979126,-0.5543550252914429
1.1384960412979126,-0.4782339632511139
1.1384755373001099,-0.5524031519889832
1.2844820022583008,-0.40406474471092224
0.63359135389328,-0.7337458729743958
0.6335911750793457,-0.7384105920791626
0.6335997581481934,-0.7594016194343567
0.63359135389328,-0.7640662789344788
0.6335911750793457,-0.7314135432243347
0.6335996985435486,-0.6731051206588745
0.6335927248001099,-0.6497817635536194
0.6335924863815308,-0.7710632681846619
0.6336010694503784,-0.7803926467895508
1.1625306606292725,-0.5738732218742371
1.1625306606292725,-0.5621622800827026
1.1625308990478516,-0.4372457265853882
1.1625310182571411,-0.4489566385746002
0.8759304285049438,-0.5882595777511597
0.8759259581565857,-0.5561891794204712
0.8759259581565857,-0.6042947769165039
0.8759304285049438,-0.5593962073326111
0.8759259581565857,-0.6491933465003967
0.8759259581565857,-0.6042947769165039
0.8759300112724304,-0.7069200277328491
0.8759255409240723,-0.7293693423271179
0.8759255409240723,-0.6524003744125366
1.113606333732605,-0.4684748649597168
0.971723735332489,-0.46687886118888855
0.971723735332489,-0.5607312321662903
1.113611102104187,-0.5582586526870728
0.9717527031898499,-0.7143077850341797
0.971723735332489,-0.6176114082336426
0.971723735332489,-0.4697228670120239
1.113611102104187,-0.46652305126190186
0.9717527031898499,-0.5891713500022888
0.9717169404029846,-0.5578871965408325
0.9717169404029846,-0.5806393027305603
1.1135544776916504,-0.5563068389892578
0.9717459082603455,-0.4640348553657532
1.1328321695327759,-0.47628214955329895
1.1328787803649902,-0.5484995245933533
1.1006600856781006,-0.5582586526870728
1.1006598472595215,-0.5660659074783325
1.10059654712677,-0.44505301117897034
1.1006602048873901,-0.5582586526870728
1.100659966468811,-0.5524031519889832
1.1005966663360596,-0.42943844199180603
1.1006650924682617,-0.43139025568962097
1.1006015539169312,-0.575825035572052
0.9048892259597778,-0.6716426014900208
0.9048893451690674,-0.7870960831642151
0.9049038887023926,-0.7678537964820862
0.9048892259597778,-0.7197481989860535
0.9048893451690674,-0.6524003744125366
0.9049038887023926,-0.6812637448310852
0.9110339879989624,-0.623537003993988
0.9110349416732788,-0.5914666056632996
0.9109988212585449,-0.7550256252288818
0.9110339879989624,-0.6075018048286438
0.9110349416732788,-0.7101271152496338
0.9109988212585449,-0.6716426014900208
1.008739948272705,-0.4924749732017517
1.008711338043213,-0.46687886118888855
1.0087112188339233,-0.6318314671516418
1.008716106414795,-0.4583468437194824
1.0086874961853027,-0.44697079062461853
1.0086873769760132,-0.6602715849876404
1.0087162256240845,-0.5578871965408325
1.0086874961853027,-0.5550432205200195
1.0086874961853027,-0.6147674322128296
0.620415449142456,-0.7127548456192017
0.6204153299331665,-0.7407429218292236
0.620415449142456,-0.7407429218292236
0.6204153895378113,-0.7570692896842957
0.620415210723877,-0.7290812134742737
0.6204153895378113,-0.7640662789344788
0.6204116344451904,-0.7710632681846619
0.6204114556312561,-0.7407429218292236
0.6204116344451904,-0.7663986086845398
0.8431071043014526,-0.6139159202575684
0.8431071043014526,-0.601087749004364
0.8431071043014526,-0.8448227643966675
0.8431071043014526,-0.5658102631568909
1.1608175039291382,-0.46652305126190186
0.8431068062782288,-0.6524003744125366
1.1607980728149414,-0.5719214081764221
0.8431068062782288,-0.665228545665741
1.1607980728149414,-0.5797286629676819
0.9814698696136475,-0.7029317617416382
1.127763032913208,-0.43139025568962097
0.9814696907997131,-0.5607312321662903
1.1277799606323242,-0.5602104663848877
1.127763032913208,-0.4723784923553467
0.9814698696136475,-0.5379791259765625
0.9814696311950684,-0.43275073170661926
1.1277555227279663,-0.42553478479385376
1.12773859500885,-0.4782339632511139
0.9814698696136475,-0.6375195384025574
1.12773859500885,-0.43139025568962097
1.1360795497894287,-0.4684748649597168
0.9215279817581177,-0.7101271152496338
0.9215019345283508,-0.7454045414924622
0.9215016961097717,-0.8704791069030762
0.9215468168258667,-0.6075018048286438
0.9215207695960999,-0.6972989439964294
0.9215205907821655,-0.6620215177536011
0.9215469360351562,-0.6331581473350525
0.9215208888053894,-0.7197481989860535
0.9215207099914551,-0.8640649914741516
0.7821513414382935,-0.7194762229919434
0.7821690440177917,-0.7140653729438782
0.7821692228317261,-0.7167708277702332
0.782156229019165,-0.6464294791221619
0.7821739315986633,-0.6437240242958069
0.7821741700172424,-0.705949068069458
0.7821561694145203,-0.6491348743438721
0.7821738719940186,-0.6139642000198364
0.7821741104125977,-0.7275925874710083
0.7883402109146118,-0.7248871326446533
0.7883367538452148,-0.8520426154136658
0.7883367538452148,-0.7194762229919434
0.7883414030075073,-0.760057806968689
0.7883379459381104,-0.7194762229919434
0.7883379459381104,-0.6356077194213867
1.233161211013794,-0.41967931389808655
0.7883402109146118,-0.7519415020942688
0.7883367538452148,-0.6383131742477417
0.7883367538452148,-0.703243613243103
0.7435415387153625,-0.7492360472679138
0.7435173988342285,-0.757352352142334
0.7435174584388733,-0.6734838485717773
0.7435416579246521,-0.7221816778182983
0.7435175776481628,-0.8682752847671509
0.7435176372528076,-0.7762904167175293
0.7435415387153625,-0.7113599181175232
0.7435173988342285,-0.657251238822937
0.7435174584388733,-0.6491348743438721
0.9005593061447144,-0.6427792310714722
0.9005561470985413,-0.6972989439964294
0.9005593061447144,-0.6171229481697083
0.9005593061447144,-0.7325763702392578
0.9005560874938965,-0.6459863185882568
0.9005593061447144,-0.7005059719085693
0.9005568027496338,-0.665228545665741
0.9005536437034607,-0.6620215177536011
0.9005568027496338,-0.5978806614875793
0.8706788420677185,-0.6459863185882568
0.8706789612770081,-0.6556074023246765
0.8706850409507751,-0.7518185973167419
0.870710015296936,-0.7069200277328491
1.1629384756088257,-0.3904019892215729
0.8707101941108704,-0.6908848285675049
1.1629385948181152,-0.4489566385746002
0.8707162737846375,-0.6748496294021606
0.870710015296936,-0.6491933465003967
0.8707101941108704,-0.6588144302368164
0.8707162737846375,-0.7069200277328491
1.1629517078399658,-0.5641140937805176
1.124955415725708,-0.5641140937805176
1.124955415725708,-0.5738732218742371
1.1249523162841797,-0.47042667865753174
1.1249552965164185,-0.4138238728046417
1.1249521970748901,-0.44114935398101807
1.1249297857284546,-0.4216311573982239
1.1249297857284546,-0.4626193940639496
0.7421844005584717,-0.7330034375190735
0.7421963214874268,-0.7438251972198486
0.7421963214874268,-0.7492360472679138
0.742184042930603,-0.7438251972198486
0.7421959638595581,-0.760057806968689
0.7421959638595581,-0.7302979826927185
0.7422130703926086,-0.6356077194213867
0.7422250509262085,-0.757352352142334
0.7422250509262085,-0.762763261795044
0.779295802116394,-0.7140653729438782
0.7793011665344238,-0.7519415020942688
0.7793011665344238,-0.8709806799888611
0.7792960405349731,-0.7302979826927185
0.7793014049530029,-0.7844067215919495
0.7793014049530029,-0.7654686570167542
0.7792906165122986,-0.7519415020942688
0.7792959809303284,-0.657251238822937
0.7792959809303284,-0.7140653729438782
1.1967804431915283,-0.38845017552375793
0.5992798209190369,-0.7407429218292236
0.5992797017097473,-0.7594016194343567
0.599254846572876,-0.7430752515792847
0.5992793440818787,-0.6497817635536194
0.5992792248725891,-0.7360782623291016
0.5992543697357178,-0.7547369599342346
0.5992798209190369,-0.7757279872894287
0.5992797017097473,-0.7407429218292236
0.599254846572876,-0.6521140933036804
0.9836563467979431,-0.5578871965408325
0.9836561679840088,-0.5607312321662903
0.9836623668670654,-0.705775797367096
0.9836530089378357,-0.46687886118888855
0.9836528301239014,-0.5834832787513733
0.983659029006958,-0.6119233965873718
0.9836530685424805,-0.5408231616020203
0.9836529493331909,-0.48963093757629395
0.6786218881607056,-0.7492360472679138
0.6786218881607056,-0.6788946986198425
1.2163331508636475,-0.5738732218742371
0.6785866618156433,-0.7140653729438782
0.6786218881607056,-0.7871121764183044
1.2163528203964233,-0.5484995245933533
0.6786218881607056,-0.6761892437934875
0.6785866618156433,-0.7871121764183044
0.6786218881607056,-0.8736861348152161
0.6786218881607056,-0.7194762229919434
0.6785866618156433,-0.657251238822937
1.2131327390670776,-0.443101167678833
1.097434639930725,-0.46652305126190186
1.097425937652588,-0.532884955406189
1.0974348783493042,-0.43529388308525085
1.097426176071167,-0.3904019892215729
1.0974544286727905,-0.5602104663848877
1.0974457263946533,-0.5738732218742371
1.2122753858566284,-0.3962574601173401
0.8511468172073364,-0.623537003993988
0.851168692111969,-0.5722243785858154
0.851168692111969,-0.6331581473350525
0.8511416912078857,-0.6972989439964294
0.8511635661125183,-0.7005059719085693
0.8511635661125183,-0.6042947769165039
0.8511635661125183,-0.6459863185882568
0.8511635661125183,-0.7325763702392578
0.9767504334449768,-0.5379791259765625
0.9767511487007141,-0.44412678480148315
0.9767504334449768,-0.5920153260231018
0.9767506718635559,-0.5977033376693726
0.9767513871192932,-0.6488955616950989
0.9767240285873413,-0.5834832787513733
0.9767246842384338,-0.5692632794380188
0.9767240285873413,-0.5948593616485596
1.0021288394927979,-0.6062353849411011
1.0021288394927979,-0.43275073170661926
1.0302218198776245,-0.4583468437194824
1.0021287202835083,-0.5977033376693726
1.030212640762329,-0.6318314671516418
1.0021295547485352,-0.6033914089202881
1.0302178859710693,-0.6773356795310974
1.0021295547485352,-0.6631156206130981
1.0302178859710693,-0.47825491428375244
1.002129316329956,-0.566419243812561
1.0302085876464844,-0.5635752081871033
1.0021288394927979,-0.6119233965873718
1.0302218198776245,-0.5578871965408325
1.0021288394927979,-0.5607312321662903
1.0302218198776245,-0.5550432205200195
1.0021287202835083,-0.6972437500953674
1.030212640762329,-0.5692632794380188
0.7909122109413147,-0.6843055486679077
0.9499046802520752,-0.5436671376228333
0.7909268140792847,-0.6301968693733215
0.9498797059059143,-0.5379791259765625
0.7909268140792847,-0.6761892437934875
0.9498797059059143,-0.43843874335289
0.7909108996391296,-0.703243613243103
0.9499033093452454,-0.5635752081871033
0.7909255027770996,-0.651840329170227
0.9498783946037292,-0.5920153260231018
0.7909255027770996,-0.7438251972198486
0.9498783946037292,-0.566419243812561
0.7909122109413147,-0.7681741118431091
0.9499046802520752,-0.5635752081871033
0.7909268140792847,-0.7140653729438782
0.9498797059059143,-0.4640348553657532
0.7909268140792847,-0.7221816778182983
0.9498797059059143,-0.6574276089668274
0.6188158392906189,-0.7873896360397339
0.6188158392906189,-0.7640662789344788
0.6188414096832275,-0.6870991587638855
0.6188161969184875,-0.7267488837242126
0.6188161969184875,-0.7780603170394897
0.6188417673110962,-0.7873896360397339
0.6188158392906189,-0.6474494338035583
0.6188158392906189,-0.7197518944740295
1.2548534870147705,-0.4470048248767853
0.6188414096832275,-0.7314135432243347
0.8941473364830017,-0.5754314064979553
0.8941477537155151,-0.7133341431617737
0.8941725492477417,-0.601087749004364
0.8941473364830017,-0.6395722031593323
0.8941477537155151,-0.6427792310714722
0.8941725492477417,-0.6524003744125366
0.8941510915756226,-0.6395722031593323
0.8941514492034912,-0.562603235244751
0.8941763043403625,-0.6556074023246765
0.9193472862243652,-0.7101271152496338
0.9193612933158875,-0.665228545665741
0.9193611741065979,-0.6042947769165039
0.9193445444107056,-0.6908848285675049
0.9193586111068726,-0.6716426014900208
0.919358491897583,-0.6459863185882568
0.9193444848060608,-0.6844707727432251
0.919358491897583,-0.6524003744125366
0.9193584322929382,-0.851236879825592
1.017125129699707,-0.5977033376693726
1.0171490907669067,-0.6090794205665588
1.0171489715576172,-0.6432075500488281
1.0170905590057373,-0.6062353849411011
1.017114520072937,-0.6602715849876404
1.0171144008636475,-0.6346755027770996
1.0170907974243164,-0.6716476678848267
1.0171147584915161,-0.5721072554588318
1.0171146392822266,-0.47825491428375244
1.0064418315887451,-0.6403635144233704
1.0064480304718018,-0.5521991848945618
1.0064610242843628,-0.5721072554588318
1.0064672231674194,-0.6033914089202881
1.0064672231674194,-0.5379791259765625
1.0064610242843628,-0.5408231616020203
1.0064672231674194,-0.48963093757629395
1.0064672231674194,-0.48678693175315857
0.884520947933197,-0.7774749398231506
0.8845150470733643,-0.5914666056632996
0.8845150470733643,-0.6908848285675049
0.8844954371452332,-0.601087749004364
0.8844895362854004,-0.6588144302368164
0.8844895362854004,-0.7582327127456665
0.8844954371452332,-0.5946736335754395
0.8844895362854004,-0.6524003744125366
0.8844895362854004,-0.6556074023246765
0.8620622754096985,-0.5978806614875793
0.8620622754096985,-0.7005059719085693
0.8620728850364685,-0.8480297923088074
1.0455368757247925,-0.6403635144233704
0.8620585799217224,-0.6524003744125366
1.045536756515503,-0.7029317617416382
0.8620585799217224,-0.7101271152496338
1.0455085039138794,-0.5977033376693726
0.8620691895484924,-0.6427792310714722
1.0455368757247925,-0.5806393027305603
0.8620585799217224,-0.5882595777511597
1.045536756515503,-0.705775797367096
0.8620585799217224,-0.7101271152496338
1.0455085039138794,-0.5920153260231018
0.8620691895484924,-0.7037129998207092
1.3245627880096436,-0.5699695944786072
0.8233731985092163,-0.5690173506736755
0.8233513832092285,-0.5914666056632996
0.8233513832092285,-0.8159593939781189
0.8233729600906372,-0.6524003744125366
0.8233512043952942,-0.7325763702392578
0.8233512043952942,-0.5722243785858154
0.8233731985092163,-0.6940919160842896
0.8233513832092285,-0.6524003744125366
0.8233513832092285,-0.6684355735778809
0.6445696949958801,-0.7663986086845398
0.6445800065994263,-0.7547369599342346
0.6445799469947815,-0.7360782623291016
0.644568145275116,-0.6777697801589966
0.6445784568786621,-0.7290812134742737
0.6445783972740173,-0.7617339491844177
0.6445680856704712,-0.7570692896842957
0.6445783972740173,-0.7570692896842957
0.6445783376693726,-0.7710632681846619
1.132019281387329,-0.3904019892215729
1.1320092678070068,-0.5797286629676819
1.1161493062973022,-0.39430564641952515
1.1320093870162964,-0.48604124784469604
1.1320152282714844,-0.41967931389808655
1.1161422729492188,-0.40016111731529236
1.132015347480774,-0.5699695944786072
1.1161422729492188,-0.47628214955329895
1.1161422729492188,-0.46066758036613464
1.132015347480774,-0.5660659074783325
0.8296982049942017,-0.6940919160842896
0.8296964168548584,-0.6267440319061279
0.8297060132026672,-0.7165411710739136
0.8296983242034912,-0.5690173506736755
0.8296965956687927,-0.5850525498390198
0.8297061324119568,-0.7357833981513977
0.8296802639961243,-0.7005059719085693
0.829678475856781,-0.7678537964820862
0.8296880722045898,-0.7389904260635376
0.9910498261451721,-0.47541090846061707
0.9910244941711426,-0.5578871965408325
0.9910244941711426,-0.6204554438591003
0.9910911917686462,-0.4810989201068878
0.9910658597946167,-0.5379791259765625
0.9910658597946167,-0.6688036322593689
0.991087019443512,-0.47541090846061707
0.9910617470741272,-0.4611908495426178
0.9910617470741272,-0.566419243812561
1.115296721458435,-0.47628214955329895
1.1843376159667969,-0.575825035572052
1.115296721458435,-0.5621622800827026
1.1152820587158203,-0.43139025568962097
1.1843358278274536,-0.48018577694892883
1.1152966022491455,-0.5602104663848877
1.1152966022491455,-0.575825035572052
1.1152819395065308,-0.5777768492698669
1.1152784824371338,-0.4021129310131073
1.1152786016464233,-0.4645712077617645
1.1152639389038086,-0.42553478479385376
1.0259705781936646,-0.43559473752975464
1.0259613990783691,-0.4640348553657532
1.02596116065979,-0.705775797367096
1.0259757041931152,-0.5578871965408325
1.0259665250778198,-0.5607312321662903
1.0259662866592407,-0.7114638090133667
1.025974154472351,-0.6972437500953674
1.0259649753570557,-0.586327314376831
1.0259647369384766,-0.5152270197868347
1.0224958658218384,-0.5777952671051025
1.0224961042404175,-0.5834832787513733
1.0224955081939697,-0.5806393027305603
1.0224958658218384,-0.5920153260231018
1.0224961042404175,-0.5692632794380188
1.0224955081939697,-0.4583468437194824
0.8997665047645569,-0.6524003744125366
1.0838083028793335,-0.48678693175315857
0.8997788429260254,-0.687677800655365
0.8997787237167358,-0.5593962073326111
0.8997765779495239,-0.5914666056632996
1.0837942361831665,-0.4640348553657532
0.8997888565063477,-0.7101271152496338
1.0838134288787842,-0.47541090846061707
0.8997887969017029,-0.6812637448310852
1.083813190460205,-0.546511173248291
0.8997761011123657,-0.5914666056632996
1.083794355392456,-0.47825491428375244
0.8997884392738342,-0.6972989439964294
1.0838136672973633,-0.4640348553657532
0.8997883200645447,-0.5850525498390198
1.0838133096694946,-0.5806393027305603
0.7194748520851135,-0.7194762229919434
0.7194498181343079,-0.7302979826927185
0.7194499969482422,-0.7330034375190735
0.7194903492927551,-0.757352352142334
0.7194653153419495,-0.754646897315979
0.7194654941558838,-0.7681741118431091
0.7194902300834656,-0.7654686570167542
0.7194651961326599,-0.7194762229919434
0.719465434551239,-0.6680729389190674
1.2172155380249023,-0.4645712077617645
1.2171725034713745,-0.4840894341468811
1.1092076301574707,-0.46652305126190186
1.1092075109481812,-0.4138238728046417
1.109243631362915,-0.575825035572052
1.1092435121536255,-0.5426440834999084
1.1092435121536255,-0.5621622800827026
0.5540186166763306,-0.8503627777099609
0.5540187358856201,-0.7803926467895508
0.5540153384208679,-0.7174195647239685
0.5540186166763306,-0.7430752515792847
0.5540187358856201,-0.7500722408294678
0.5540153384208679,-0.7570692896842957
0.5540122985839844,-0.7454075813293457
0.5540124177932739,-0.7454075813293457
0.5540090203285217,-0.7594016194343567
1.0678240060806274,-0.5891713500022888
1.0678236484527588,-0.4412827789783478
1.0678077936172485,-0.5891713500022888
1.0678240060806274,-0.45550280809402466
1.0678077936172485,-0.6033914089202881
1.059186339378357,-0.4583468437194824
1.0591883659362793,-0.7114638090133667
1.0591883659362793,-0.6460515260696411
1.0590893030166626,-0.5749512910842896
1.059091329574585,-0.5721072554588318
1.059091329574585,-0.5920153260231018
1.0590893030166626,-0.5777952671051025
1.059091329574585,-0.5635752081871033
1.059091329574585,-0.6033914089202881
0.5824837684631348,-0.7430752515792847
0.5824828743934631,-0.7407429218292236
0.5824828743934631,-0.7547369599342346
0.5824834704399109,-0.7640662789344788
0.5824825763702393,-0.7524045705795288
0.5824825763702393,-0.7384105920791626
0.5824837684631348,-0.7430752515792847
0.5824828743934631,-0.7314135432243347
0.5824828743934631,-0.7640662789344788
0.7034205794334412,-0.6166696548461914
0.7034251093864441,-0.6437240242958069
0.7034250497817993,-0.7167708277702332
0.7034739851951599,-0.6085533499717712
0.7034785747528076,-0.7384142875671387
0.7034785151481628,-0.6464294791221619
0.7034741640090942,-0.7871121764183044
0.7034786939620972,-0.6301968693733215
0.7034786343574524,-0.6085533499717712
0.7272437214851379,-0.7384142875671387
0.7272438406944275,-0.6139642000198364
0.7272279262542725,-0.760057806968689
0.7272441387176514,-0.757352352142334
0.7272442579269409,-0.6680729389190674
0.7272283434867859,-0.657251238822937
0.7272437214851379,-0.7194762229919434
0.7272438406944275,-0.7221816778182983
0.7272279262542725,-0.7275925874710083
1.0124976634979248,-0.5806393027305603
1.0125267505645752,-0.566419243812561
1.0124984979629517,-0.7000877261161804
1.012498378753662,-0.5436671376228333
1.0125274658203125,-0.5521991848945618
1.0124672651290894,-0.6204554438591003
1.0124963521957397,-0.47541090846061707
1.2102546691894531,-0.4333420693874359
1.2102460861206055,-0.43529388308525085
1.185882568359375,-0.46066758036613464
1.185916781425476,-0.49775218963623047
1.2459162473678589,-0.44505301117897034
0.9258873462677002,-0.6491933465003967
0.925886869430542,-0.5722243785858154
0.925886869430542,-0.7838889956474304
0.9258873462677002,-0.6331581473350525
0.925886869430542,-0.6491933465003967
0.925886869430542,-0.5850525498390198
1.0299886465072632,-0.5977033376693726
1.0299886465072632,-0.47825491428375244
1.0299859046936035,-0.5635752081871033
1.0299859046936035,-0.45550280809402466
1.0299859046936035,-0.5607312321662903
1.0299859046936035,-0.5834832787513733
0.6346052289009094,-0.7663986086845398
0.6346055865287781,-0.869021475315094
0.6346052289009094,-0.7617339491844177
0.6346052289009094,-0.7710632681846619
0.6346055865287781,-0.6661081314086914
0.6346052289009094,-0.8620244264602661
0.6346069574356079,-0.8013836741447449
0.6346073150634766,-0.7477399110794067
0.6346069574356079,-0.7547369599342346
0.6722620725631714,-0.7005382180213928
0.6722638607025146,-0.7519415020942688
0.6722620725631714,-0.6761892437934875
0.6722620725631714,-0.7817012667655945
0.6722638607025146,-0.654545783996582
0.6722620725631714,-0.7140653729438782
0.6722559928894043,-0.7492360472679138
1.2011439800262451,-0.4372457265853882
0.6722577810287476,-0.7302979826927185
0.6722559928894043,-0.6599566340446472
1.1499451398849487,-0.5602104663848877
1.1499298810958862,-0.44114935398101807
0.9748373627662659,-0.5806393027305603
0.9748166799545288,-0.6119233965873718
0.9748166799545288,-0.5948593616485596
0.9748373627662659,-0.5920153260231018
0.9748166799545288,-0.705775797367096
0.9748166799545288,-0.5721072554588318
0.974823534488678,-0.5692632794380188
0.9748028516769409,-0.5635752081871033
0.9748028516769409,-0.6147674322128296
0.8234602808952332,-0.7293693423271179
0.8234605193138123,-0.7742679119110107
0.8234770894050598,-0.7005059719085693
0.8234611749649048,-0.6524003744125366
0.8234613537788391,-0.6459863185882568
0.8234779834747314,-0.7293693423271179
0.8234602808952332,-0.7165411710739136
0.8234605193138123,-0.7357833981513977
0.8234770894050598,-0.7133341431617737
0.9747631549835205,-0.5806393027305603
0.9747631549835205,-0.6716476678848267
0.9747381806373596,-0.45550280809402466
0.9747637510299683,-0.566419243812561
0.9747637510299683,-0.5777952671051025
0.9747387766838074,-0.5436671376228333
0.9747631549835205,-0.5692632794380188
0.9747631549835205,-0.4412827789783478
0.9747381806373596,-0.6062353849411011
1.1072568893432617,-0.5680177211761475
1.1072568893432617,-0.4274865984916687
1.107256293296814,-0.46652305126190186
1.158119559288025,-0.46066758036613464
1.1581194400787354,-0.4723784923553467
1.1581029891967773,-0.4391975402832031
1.158103108406067,-0.41967931389808655
1.0575261116027832,-0.566419243812561
1.0575202703475952,-0.5578871965408325
1.0575203895568848,-0.6460515260696411
1.0575261116027832,-0.5721072554588318
1.0575202703475952,-0.6033914089202881
1.0575203895568848,-0.6005473732948303
1.0575261116027832,-0.6090794205665588
1.0575202703475952,-0.566419243812561
1.0575203895568848,-0.5920153260231018
1.1263421773910522,-0.5348367691040039
1.12636137008667,-0.5680177211761475
1.12636137008667,-0.5563068389892578
1.1263421773910522,-0.5504513382911682
0.8598589301109314,-0.5786384344100952
0.8598521947860718,-0.5882595777511597
0.8598589301109314,-0.5818454623222351
0.8598588109016418,-0.6107088327407837
0.8598520159721375,-0.6556074023246765
0.8598588109016418,-0.6107088327407837
0.8598589301109314,-0.6684355735778809
0.8598521947860718,-0.7069200277328491
0.8598589301109314,-0.7550256252288818
1.0741286277770996,-0.7029317617416382
1.0741443634033203,-0.47541090846061707
1.0741442441940308,-0.47541090846061707
1.0741362571716309,-0.7000877261161804
1.0741519927978516,-0.6773356795310974
1.0741517543792725,-0.5749512910842896
1.0741362571716309,-0.5749512910842896
1.0741519927978516,-0.43843874335289
1.0741517543792725,-0.586327314376831
1.059279441833496,-0.5607312321662903
1.059279441833496,-0.5806393027305603
1.0592761039733887,-0.6915557384490967
1.0592385530471802,-0.43275073170661926
1.0592385530471802,-0.5834832787513733
1.0592352151870728,-0.705775797367096
1.0592432022094727,-0.7143077850341797
1.0592432022094727,-0.6631156206130981
1.0592397451400757,-0.4640348553657532
0.8785059452056885,-0.7037129998207092
0.8785060048103333,-0.7710608839988708
0.9791629314422607,-0.6119233965873718
0.8785059452056885,-0.7005059719085693
0.9791648387908936,-0.5721072554588318
0.8785062432289124,-0.8576509356498718
0.9791648387908936,-0.5408231616020203
0.8785063624382019,-0.6427792310714722
0.979162871837616,-0.6119233965873718
0.8785062432289124,-0.623537003993988
0.9791648387908936,-0.6033914089202881
0.8785063624382019,-0.6299511194229126
0.9791566729545593,-0.5721072554588318
0.8785064816474915,-0.8640649914741516
0.9791547060012817,-0.47825491428375244
0.8785063624382019,-0.7646467685699463
0.9791566729545593,-0.5977033376693726
1.0706846714019775,-0.6033914089202881
1.0386072397232056,-0.43275073170661926
1.070684552192688,-0.7143077850341797
1.0386072397232056,-0.6147674322128296
1.0706275701522827,-0.5408231616020203
1.0386080741882324,-0.5322911143302917
1.0706846714019775,-0.526603102684021
1.0386133193969727,-0.4810989201068878
1.070684552192688,-0.5891713500022888
1.0386133193969727,-0.6631156206130981
1.0706275701522827,-0.5977033376693726
1.0386141538619995,-0.4412827789783478
1.0706846714019775,-0.5607312321662903
1.0386072397232056,-0.5806393027305603
1.070684552192688,-0.5806393027305603
1.0386072397232056,-0.6488955616950989
1.0706275701522827,-0.4412827789783478
1.0386080741882324,-0.7000877261161804
0.9845917820930481,-0.5578871965408325
0.9845917820930481,-0.43843874335289
0.9845932722091675,-0.6346755027770996
0.9845932722091675,-0.46687886118888855
0.9845826625823975,-0.5806393027305603
0.9845917820930481,-0.6488955616950989
0.9845917820930481,-0.7114638090133667
0.9845811724662781,-0.4697228670120239
1.0428980588912964,-0.6432075500488281
1.0428954362869263,-0.6147674322128296
1.0428980588912964,-0.5721072554588318
1.0428980588912964,-0.6830236911773682
1.0428954362869263,-0.5806393027305603
1.0428980588912964,-0.46687886118888855
1.0428979396820068,-0.586327314376831
1.0428953170776367,-0.6716476678848267
1.0428979396820068,-0.5977033376693726
0.7297478318214417,-0.657251238822937
0.7297558784484863,-0.6707783937454224
0.7297558784484863,-0.7465305924415588
0.7297434210777283,-0.7519415020942688
0.729751467704773,-0.7302979826927185
0.729751467704773,-0.7167708277702332
0.7297478318214417,-0.7519415020942688
0.7297558784484863,-0.7194762229919434
0.7297558784484863,-0.6437240242958069
0.9800280928611755,-0.4953189790248871
0.980084240436554,-0.5920153260231018
0.9800846576690674,-0.6033914089202881
0.9800290465354919,-0.5578871965408325
0.9800851345062256,-0.7029317617416382
0.9800856113433838,-0.705775797367096
0.9800280928611755,-0.5948593616485596
0.980084240436554,-0.4839429259300232
0.9800846576690674,-0.6858676671981812
1.0566376447677612,-0.5408231616020203
1.0566376447677612,-0.5920153260231018
1.0566376447677612,-0.5806393027305603
1.0566376447677612,-0.5749512910842896
1.0566376447677612,-0.6176114082336426
1.0566376447677612,-0.4526588022708893
0.8280141949653625,-0.7133341431617737
0.8280141949653625,-0.6524003744125366
0.82801353931427,-0.5658102631568909
0.8280141949653625,-0.6331581473350525
0.8280141949653625,-0.6395722031593323
0.82801353931427,-0.6588144302368164
0.8280068635940552,-0.6107088327407837
0.8280068635940552,-0.5658102631568909
0.8280062079429626,-0.5946736335754395
0.964073657989502,-0.6232994794845581
0.8808859586715698,-0.6908848285675049
0.9640853404998779,-0.5977033376693726
0.8808686137199402,-0.7582327127456665
1.2886648178100586,-0.40601658821105957
0.9640853404998779,-0.5948593616485596
0.8808686137199402,-0.7357833981513977
0.9640768766403198,-0.5977033376693726
0.8808833360671997,-0.7550256252288818
0.9640885591506958,-0.5607312321662903
0.8808659911155701,-0.5593962073326111
0.9640885591506958,-0.5635752081871033
0.8808659911155701,-0.665228545665741
1.2886674404144287,-0.5777768492698669
0.9640434384346008,-0.43275073170661926
0.8808859586715698,-0.7069200277328491
0.9640551209449768,-0.6659595966339111
0.8808686137199402,-0.7293693423271179
0.9640551209449768,-0.6005473732948303
0.8808686137199402,-0.7197481989860535
1.1291691064834595,-0.474330335855484
1.1291730403900146,-0.5445958971977234
1.1291691064834595,-0.4645712077617645
1.1291732788085938,-0.3923538327217102
1.0546326637268066,-0.6602715849876404
1.054632544517517,-0.48963093757629395
1.05462646484375,-0.6403635144233704
1.054626226425171,-0.45550280809402466
1.05462646484375,-0.4697228670120239
1.054626226425171,-0.7029317617416382
1.102291226387024,-0.4177275002002716
1.1022909879684448,-0.5699695944786072
1.1022844314575195,-0.5777768492698669
1.102250099182129,-0.4645712077617645
1.1022844314575195,-0.5680177211761475
1.10228431224823,-0.4489566385746002
1.102250099182129,-0.5602104663848877
0.9826248288154602,-0.45550280809402466
0.9826248288154602,-0.5806393027305603
0.9825953841209412,-0.586327314376831
0.982624888420105,-0.5806393027305603
0.982624888420105,-0.5379791259765625
0.9825954437255859,-0.5777952671051025
0.9826250672340393,-0.5977033376693726
0.9826250672340393,-0.7143077850341797
0.6947872042655945,-0.6870110034942627
1.0341529846191406,-0.6545835733413696
0.6947870254516602,-0.757352352142334
1.0341531038284302,-0.7114638090133667
0.6948304176330566,-0.7654686570167542
1.0341529846191406,-0.705775797367096
0.6947872042655945,-0.762763261795044
1.0341531038284302,-0.5806393027305603
0.6947870254516602,-0.7519415020942688
0.6948304176330566,-0.6924219131469727
1.0341531038284302,-0.6261434555053711
0.6947959065437317,-0.6788946986198425
1.034152626991272,-0.5891713500022888
0.6947957277297974,-0.6383131742477417
1.0341527462005615,-0.526603102684021
0.6948391199111938,-0.7330034375190735
1.034152626991272,-0.6176114082336426
1.181955099105835,-0.4235829710960388
1.1728882789611816,-0.4567639231681824
1.1728934049606323,-0.44505301117897034
1.1819547414779663,-0.5699695944786072
1.172886848449707,-0.443101167678833
1.1728920936584473,-0.47628214955329895
1.1819462776184082,-0.47042667865753174
0.9489360451698303,-0.6744916439056396
0.9489362239837646,-0.47825491428375244
0.9489358067512512,-0.6602715849876404
0.9489359259605408,-0.6602715849876404
0.9489718675613403,-0.6915557384490967
0.9489720463752747,-0.5891713500022888
1.0608289241790771,-0.6033914089202881
1.0608289241790771,-0.6005473732948303
1.0608294010162354,-0.6488955616950989
1.0608291625976562,-0.6204554438591003
1.0608290433883667,-0.566419243812561
1.060829520225525,-0.6176114082336426
1.060846209526062,-0.48963093757629395
1.0608460903167725,-0.6773356795310974
1.0608465671539307,-0.5692632794380188
1.0644820928573608,-0.5635752081871033
1.0644819736480713,-0.4526588022708893
1.0644820928573608,-0.5692632794380188
1.0644820928573608,-0.5721072554588318
1.0644819736480713,-0.5920153260231018
0.9892023801803589,-0.46687886118888855
0.9892023801803589,-0.5635752081871033
0.9891952276229858,-0.5578871965408325
0.9892023801803589,-0.4498147964477539
0.9892023801803589,-0.566419243812561
0.9891952276229858,-0.4697228670120239
0.7444956302642822,-0.762763261795044
0.7444956302642822,-0.7411197423934937
0.7444969415664673,-0.7113599181175232
0.7444953322410583,-0.7735849618911743
0.7444953322410583,-0.7465305924415588
0.7444966435432434,-0.6464294791221619
0.7444956302642822,-0.7654686570167542
0.7444956302642822,-0.757352352142334
0.7444969415664673,-0.6329022645950317
0.95278000831604,-0.5721072554588318
0.9527798295021057,-0.6033914089202881
0.952742874622345,-0.6062353849411011
0.9527797698974609,-0.6517395377159119
0.9527795910835266,-0.6147674322128296
1.2864845991134644,-0.4274865984916687
0.9527425765991211,-0.5692632794380188
0.9527797698974609,-0.5521991848945618
0.9527795910835266,-0.6915557384490967
0.9527425765991211,-0.5777952671051025
1.183022141456604,-0.4645712077617645
1.030702829360962,-0.566419243812561
1.0306763648986816,-0.6574276089668274
1.0306764841079712,-0.5550432205200195
1.0307029485702515,-0.4810989201068878
1.0306766033172607,-0.6432075500488281
1.0306767225265503,-0.5977033376693726
1.030702829360962,-0.5692632794380188
1.0306763648986816,-0.6062353849411011
1.0306764841079712,-0.43559473752975464
1.1408770084381104,-0.48018577694892883
1.140881061553955,-0.47628214955329895
1.1408859491348267,-0.5680177211761475
1.1408900022506714,-0.44505301117897034
1.1089437007904053,-0.4684748649597168
1.1089439392089844,-0.48213762044906616
1.1089447736740112,-0.474330335855484
1.1089450120925903,-0.4723784923553467
1.1089437007904053,-0.5699695944786072
1.1089439392089844,-0.5777768492698669
1.1088920831680298,-0.5582586526870728
1.0941356420516968,-0.43529388308525085
1.0941354036331177,-0.5777768492698669
1.0941845178604126,-0.41967931389808655
1.0941368341445923,-0.3923538327217102
1.0941356420516968,-0.4333420693874359
1.0941845178604126,-0.5816804766654968
0.8718969225883484,-0.8576509356498718
0.8718969225883484,-0.6748496294021606
0.8718604445457458,-0.6075018048286438
0.8718969225883484,-0.5561891794204712
0.8718969225883484,-0.6042947769165039
1.1671767234802246,-0.5504513382911682
0.8718604445457458,-0.6491933465003967
0.8718903064727783,-0.6972989439964294
0.8718903064727783,-0.6780567169189453
0.8718538284301758,-0.7678537964820862
0.6128362417221069,-0.7640662789344788
0.6128361225128174,-0.7477399110794067
0.6128409504890442,-0.7547369599342346
1.2707442045211792,-0.4723784923553467
0.6128360629081726,-0.7150871753692627
0.6128359436988831,-0.7477399110794067
0.6128407120704651,-0.871353805065155
0.612820029258728,-0.7757279872894287
0.6128199100494385,-0.7150871753692627
0.6128246784210205,-0.7454075813293457
0.7644097805023193,-0.7492360472679138
0.7644097805023193,-0.7194762229919434
0.7644045352935791,-0.6599566340446472
0.7644073963165283,-0.6491348743438721
0.7644073963165283,-0.6707783937454224
0.7644021511077881,-0.7194762229919434
0.7644097805023193,-0.6951273083686829
0.7644097805023193,-0.754646897315979
0.7644045352935791,-0.7519415020942688
0.6253885626792908,-0.7570692896842957
0.6253767609596252,-0.7757279872894287
0.6253765821456909,-0.7477399110794067
0.6253714561462402,-0.7897219657897949
0.6253596544265747,-0.7827249765396118
0.6253594756126404,-0.7594016194343567
0.6253679394721985,-0.8596920967102051
0.625356137752533,-0.7384105920791626
0.6253559589385986,-0.7570692896842957
0.570176899433136,-0.7290812134742737
0.570176899433136,-0.6801021099090576
0.5701810121536255,-0.7197518944740295
0.5701769590377808,-0.7687309384346008
0.5701769590377808,-0.7524045705795288
0.5701810121536255,-0.7127548456192017
0.5701727867126465,-0.7477399110794067
0.5701727867126465,-0.7640662789344788
0.5701768398284912,-0.7524045705795288
1.2288874387741089,-0.41967931389808655
1.2289098501205444,-0.5738732218742371
1.2034664154052734,-0.3962574601173401
0.8523500561714172,-0.6748496294021606
0.8523499369621277,-0.7101271152496338
1.2786462306976318,-0.41967931389808655
0.8523497581481934,-0.6395722031593323
0.8523498177528381,-0.6908848285675049
0.8523496985435486,-0.6908848285675049
0.8523495197296143,-0.7197481989860535
0.8523500561714172,-0.5850525498390198
0.8523499369621277,-0.6588144302368164
1.2034823894500732,-0.5426440834999084
0.8523497581481934,-0.6395722031593323
1.237535834312439,-0.43529388308525085
1.237535834312439,-0.4333420693874359
1.0702685117721558,-0.7114638090133667
1.070299744606018,-0.5948593616485596
1.070299744606018,-0.5550432205200195
1.0703070163726807,-0.5578871965408325
1.0703070163726807,-0.6119233965873718
1.070275902748108,-0.5749512910842896
1.0703070163726807,-0.6432075500488281
1.0703070163726807,-0.4498147964477539
1.0716044902801514,-0.43559473752975464
1.071588397026062,-0.6232994794845581
1.0715886354446411,-0.6517395377159119
1.0716044902801514,-0.5806393027305603
1.071588397026062,-0.4412827789783478
1.0715886354446411,-0.6488955616950989
1.071580171585083,-0.6147674322128296
1.0715640783309937,-0.47825491428375244
1.0715643167495728,-0.705775797367096
1.1777265071868896,-0.4528602957725525
1.0867449045181274,-0.6033914089202881
1.0867449045181274,-0.5834832787513733
1.086744785308838,-0.6375195384025574
1.086743712425232,-0.6460515260696411
1.086747407913208,-0.546511173248291
1.086743712425232,-0.5578871965408325
1.032181739807129,-0.7143077850341797
1.0322057008743286,-0.566419243812561
1.0322058200836182,-0.5948593616485596
1.032181978225708,-0.5408231616020203
1.0322059392929077,-0.43559473752975464
1.0322060585021973,-0.5806393027305603
1.0321768522262573,-0.5920153260231018
1.032200813293457,-0.7143077850341797
1.0322010517120361,-0.5977033376693726
0.7635094523429871,-0.708654522895813
0.7634595632553101,-0.7925230264663696
0.7634594440460205,-0.762763261795044
0.7635094523429871,-0.7221816778182983
0.7634595632553101,-0.6220805048942566
0.7634594440460205,-0.6816001534461975
0.7635118961334229,-0.7438251972198486
0.7634620070457458,-0.7438251972198486
0.7634618878364563,-0.7411197423934937
0.7886982560157776,-0.7140653729438782
0.7887104153633118,-0.7492360472679138
0.7887104153633118,-0.8655698299407959
0.7886980175971985,-0.7221816778182983
0.7887101769447327,-0.8574535250663757
0.7887102365493774,-0.7789958715438843
0.7887068390846252,-0.7221816778182983
0.7887189984321594,-0.762763261795044
0.7887190580368042,-0.6951273083686829
1.1083438396453857,-0.5582586526870728
1.1083922386169434,-0.5445958971977234
1.1083439588546753,-0.4391975402832031
1.108340859413147,-0.4684748649597168
1.1083892583847046,-0.5524031519889832
