pair distance kmc [A],coulomb binding energy [eV]
1.1201765537261963,-0.5455718040466309
1.12017822265625,-0.5579464435577393
1.1201765537261963,-0.5489466786384583
1.1201765537261963,-0.539946973323822
1.1201765537261963,-0.5489466786384583
1.1709588766098022,-0.4334312677383423
1.1709587574005127,-0.574820876121521
1.232358455657959,-0.4254305064678192
0.6698617935180664,-0.7221419215202332
0.66986083984375,-0.7454656958580017
0.6698617935180664,-0.8644170165061951
0.6698337197303772,-0.7104800343513489
0.6698327660560608,-0.7431333661079407
0.6698337197303772,-0.7151448130607605
0.6698340773582458,-0.7501304745674133
0.6698331236839294,-0.757127583026886
0.6698340773582458,-0.694153368473053
1.1399277448654175,-0.46351417899131775
1.1399277448654175,-0.459001749753952
1.1399776935577393,-0.4274146854877472
0.7711672186851501,-0.6124630570411682
0.8908662796020508,-0.6466825008392334
0.7711653113365173,-0.7044389843940735
1.1560442447662354,-0.5703084468841553
0.8909050822257996,-0.6578332185745239
0.7711672186851501,-0.6476303339004517
0.8909065127372742,-0.5983625650405884
0.7711673974990845,-0.6503354907035828
1.1560453176498413,-0.459001749753952
0.890866219997406,-0.7024362087249756
0.7711654901504517,-0.6503354907035828
0.8909050226211548,-0.5921677350997925
0.7711673974990845,-0.6259889006614685
1.1560453176498413,-0.46351417899131775
0.8909063935279846,-0.65907222032547
0.7711324095726013,-0.8613390326499939
1.1560375690460205,-0.45298516750335693
0.8908661603927612,-0.7049141526222229
0.7711305022239685,-0.6313992738723755
0.8909049034118652,-0.6491604447364807
0.7711324095726013,-0.6855027675628662
0.8909063339233398,-0.6999582648277283
1.0553325414657593,-0.5691961050033569
1.0553404092788696,-0.4668242335319519
1.0553423166275024,-0.4679492115974426
1.0553374290466309,-0.5478217601776123
1.0553393363952637,-0.573695957660675
1.0553295612335205,-0.5489466786384583
1.0553375482559204,-0.4746989905834198
1.0553394556045532,-0.5444468259811401
1.1037898063659668,-0.5624462962150574
0.7933462858200073,-0.7314907312393188
1.1038074493408203,-0.5680711269378662
0.7933284044265747,-0.6584510207176208
0.7933283448219299,-0.7666579484939575
1.1037898063659668,-0.5421969294548035
0.7933462858200073,-0.7639527916908264
1.1038074493408203,-0.574820876121521
0.7933284044265747,-0.6476303339004517
1.103805422782898,-0.46457430720329285
0.7933283448219299,-0.6368096470832825
1.1037719249725342,-0.5568214654922485
0.7933418154716492,-0.6070526838302612
0.7933239936828613,-0.7206699848175049
1.1037875413894653,-0.5579464435577393
0.7933238744735718,-0.6963234543800354
1.1498416662216187,-0.5688043236732483
1.149843454360962,-0.4544893205165863
1.0903359651565552,-0.5410719513893127
1.0903844833374023,-0.564696192741394
1.0903866291046143,-0.5725709795951843
1.0903844833374023,-0.5433219075202942
1.0903842449188232,-0.5725709795951843
1.0903842449188232,-0.5714460015296936
0.831059455871582,-0.6422199606895447
0.8310778141021729,-0.7179648280143738
0.8310778141021729,-0.6043475270271301
0.831059455871582,-0.7098492980003357
0.8310778141021729,-0.7179648280143738
0.8310778141021729,-0.7558372616767883
0.8310748934745789,-0.7044389843940735
0.8310932517051697,-0.6665665507316589
0.8310932517051697,-0.7017337679862976
0.9327110052108765,-0.5940240621566772
1.1636196374893188,-0.571812629699707
0.9327105283737183,-0.7029170393943787
1.163621187210083,-0.46351417899131775
0.9327110052108765,-0.5791072249412537
1.1636196374893188,-0.46351417899131775
0.9327440857887268,-0.5910407304763794
0.9327436685562134,-0.7014253735542297
0.9327440857887268,-0.5925323963165283
0.9327437877655029,-0.5910407304763794
0.9327433109283447,-0.6581665277481079
0.9327437877655029,-0.6596581935882568
1.196492075920105,-0.46953076124191284
1.1964986324310303,-0.5673002004623413
1.1964986324310303,-0.4665224552154541
0.8981921076774597,-0.5884507894515991
0.8981947898864746,-0.5983625650405884
0.8981921076774597,-0.5884507894515991
0.8981921672821045,-0.5946456789970398
0.8981948494911194,-0.5996015667915344
0.8981921672821045,-0.7073920965194702
0.8981997966766357,-0.6466825008392334
0.8982024788856506,-0.6999582648277283
0.8981997966766357,-0.7036752104759216
0.8005805611610413,-0.8613390326499939
1.0760142803192139,-0.574820876121521
0.800580620765686,-0.6368096470832825
0.8005805611610413,-0.7720683217048645
1.0760142803192139,-0.573695957660675
0.8005805611610413,-0.7314907312393188
1.0760189294815063,-0.5590713620185852
0.800580620765686,-0.6395148038864136
0.8005805611610413,-0.7612476348876953
1.213231086730957,-0.38245269656181335
1.0760189294815063,-0.574820876121521
0.8005805611610413,-0.8613390326499939
1.0760188102722168,-0.5579464435577393
0.800580620765686,-0.6963234543800354
1.076019287109375,-0.5545715093612671
0.8005805611610413,-0.6990286111831665
1.213231086730957,-0.43038949370384216
1.0760188102722168,-0.5455718040466309
1.1160624027252197,-0.5590713620185852
1.1160914897918701,-0.46569928526878357
1.1160626411437988,-0.4679492115974426
1.1160626411437988,-0.5669461488723755
1.1160916090011597,-0.4668242335319519
1.1591498851776123,-0.48306804895401
1.1591438055038452,-0.47554734349250793
1.1591439247131348,-0.4259105622768402
0.6630353331565857,-0.6801591515541077
0.6630775332450867,-0.7221419215202332
0.6630775332450867,-0.7454656958580017
0.6630353331565857,-0.7711218595504761
0.6630775332450867,-0.7314714789390564
0.6630775332450867,-0.7454656958580017
0.66303950548172,-0.8550875186920166
0.663081705570221,-0.7641247510910034
0.663081705570221,-0.7338038086891174
1.246646761894226,-0.42460402846336365
1.089524507522583,-0.4679492115974426
1.0895248651504517,-0.5534465909004211
1.089524745941162,-0.5478217601776123
1.0895410776138306,-0.5534465909004211
1.089524745941162,-0.5680711269378662
1.0895410776138306,-0.4634493589401245
0.7025591731071472,-0.6964857578277588
0.7025591731071472,-0.7594599723815918
0.7025495767593384,-0.6545029878616333
0.7025513648986816,-0.6358439326286316
0.7025513648986816,-0.7804514169692993
0.7025417685508728,-0.6475058197975159
0.7025513052940369,-0.8480903506278992
0.7025513052940369,-0.7151448130607605
0.702541708946228,-0.7291390895843506
1.0229980945587158,-0.5607638955116272
1.0229980945587158,-0.5600483417510986
1.0230165719985962,-0.5550397038459778
1.0229978561401367,-0.5586172938346863
1.0229978561401367,-0.5596905946731567
1.023016333580017,-0.5836606025695801
1.023056149482727,-0.5836606025695801
1.023056149482727,-0.5503888130187988
1.0230746269226074,-0.5596905946731567
1.2337979078292847,-0.3857586979866028
0.8330928087234497,-0.7639527916908264
1.1898584365844727,-0.47404319047927856
0.8331007957458496,-0.7504269480705261
0.8331007957458496,-0.6855027675628662
0.8330927491188049,-0.6124630570411682
0.8331007361412048,-0.7071441411972046
0.8331007361412048,-0.6422199606895447
0.8330898880958557,-0.7098492980003357
0.8330978751182556,-0.6963234543800354
1.189871072769165,-0.45749759674072266
0.8330978751182556,-0.6313992738723755
0.8666835427284241,-0.6008405089378357
0.8666832447052002,-0.6553552746772766
0.8666801452636719,-0.650399386882782
0.8666834235191345,-0.7073920965194702
0.8666831254959106,-0.6925244331359863
0.8666800260543823,-0.6454434990882874
0.866674542427063,-0.7036752104759216
0.8666741847991943,-0.6925244331359863
0.866671085357666,-0.6565942764282227
1.2491281032562256,-0.38823816180229187
0.7867433428764343,-0.6232837438583374
0.7867278456687927,-0.6368096470832825
0.7867266535758972,-0.6422199606895447
0.7867433428764343,-0.7098492980003357
0.7867278456687927,-0.6368096470832825
0.7867266535758972,-0.6638613343238831
0.7867408394813538,-0.6963234543800354
0.7867253422737122,-0.5989372134208679
0.7867241501808167,-0.6584510207176208
1.3548082113265991,-0.4079322814941406
1.1127430200576782,-0.5478217601776123
0.6251111030578613,-0.754795253276825
1.112769365310669,-0.5680711269378662
0.625095009803772,-0.7081476449966431
0.6250942349433899,-0.7851161360740662
1.1127429008483887,-0.573695957660675
0.6251111030578613,-0.850422739982605
1.1127691268920898,-0.5714460015296936
0.625095009803772,-0.7477980852127075
0.6250942349433899,-0.6545029878616333
1.112797498703003,-0.4713241159915924
0.6250389218330383,-0.7454656958580017
0.625022828578949,-0.7431333661079407
1.112823724746704,-0.5489466786384583
0.6250220537185669,-0.7477980852127075
0.6600162982940674,-0.7827837467193604
0.6600203514099121,-0.768789529800415
0.6600203514099121,-0.7104800343513489
0.6600164175033569,-0.7594599723815918
0.6600204706192017,-0.7501304745674133
0.6600204706192017,-0.8644170165061951
0.6600096821784973,-0.7501304745674133
0.660013735294342,-0.6964857578277588
0.660013735294342,-0.7338038086891174
0.7722077369689941,-0.6232837438583374
0.7722077369689941,-0.7693631649017334
0.7722077369689941,-0.7152596712112427
1.182412028312683,-0.46351417899131775
0.7722079753875732,-0.6503354907035828
0.7722079157829285,-0.7206699848175049
0.7722079753875732,-0.6313992738723755
0.7722252607345581,-0.7882993817329407
0.7722252011299133,-0.6368096470832825
0.7722252607345581,-0.6341044306755066
1.1126779317855835,-0.5703210234642029
1.1127339601516724,-0.5691961050033569
1.1126755475997925,-0.5444468259811401
1.1126760244369507,-0.574820876121521
1.1127320528030396,-0.5523216128349304
1.1126760244369507,-0.46569928526878357
1.112732172012329,-0.5669461488723755
0.95911705493927,-0.7014253735542297
0.95911705493927,-0.5716488361358643
0.9591172933578491,-0.7014253735542297
0.9591279029846191,-0.7044087648391724
1.1582342386245728,-0.43493542075157166
0.9591279029846191,-0.6521998047828674
0.9591281414031982,-0.5984991192817688
0.9591280817985535,-0.604465901851654
0.9591280221939087,-0.5835822820663452
1.158229112625122,-0.4650183320045471
0.9591282606124878,-0.6089409589767456
0.9522465467453003,-0.5940240621566772
0.9522364139556885,-0.5984991192817688
0.9522354006767273,-0.6596581935882568
0.9522465467453003,-0.5895490050315857
0.9522364139556885,-0.6134159564971924
0.9522354006767273,-0.5761238932609558
0.9522505402565002,-0.7059004306793213
0.9522404074668884,-0.6417579650878906
0.9522393941879272,-0.7073920965194702
1.065044641494751,-0.5680711269378662
1.0650420188903809,-0.5568214654922485
1.0650662183761597,-0.5478217601776123
1.0650635957717896,-0.4634493589401245
1.0650635957717896,-0.5534465909004211
1.0650660991668701,-0.4668242335319519
1.0650634765625,-0.46457430720329285
1.0650634765625,-0.4634493589401245
0.7088698148727417,-0.6824914813041687
0.7088644504547119,-0.7501304745674133
0.7088643908500671,-0.6964857578277588
0.7088482975959778,-0.7991104125976562
0.708842933177948,-0.694153368473053
0.7088428735733032,-0.7594599723815918
0.7088484168052673,-0.6918210387229919
0.7088430523872375,-0.8620846271514893
0.7088429927825928,-0.6894886493682861
1.1528862714767456,-0.4559934437274933
1.1528862714767456,-0.574820876121521
1.1528488397598267,-0.5688043236732483
1.1528769731521606,-0.4259105622768402
1.0207630395889282,-0.5579017996788025
1.020769715309143,-0.556828498840332
1.020769715309143,-0.5604061484336853
1.0208008289337158,-0.5843761563301086
1.0208075046539307,-0.5818718075752258
1.0208073854446411,-0.5847339034080505
1.0208009481430054,-0.5596905946731567
1.0208076238632202,-0.5593328475952148
1.0208076238632202,-0.558975100517273
0.7861113548278809,-0.7017337679862976
1.0491300821304321,-0.5593328475952148
0.7861366271972656,-0.6557458639144897
1.0491310358047485,-0.5836606025695801
0.7861366271972656,-0.6205785870552063
1.0491310358047485,-0.5629104375839233
0.7861091494560242,-0.7558372616767883
1.0491186380386353,-0.5829451084136963
0.7861344218254089,-0.7639527916908264
1.0491197109222412,-0.5496732592582703
0.7861344218254089,-0.6882079243659973
1.0491197109222412,-0.5611216425895691
0.7861091494560242,-0.7152596712112427
1.0491186380386353,-0.5507465600967407
0.7861344218254089,-0.7206699848175049
1.0491197109222412,-0.5586172938346863
0.7861344218254089,-0.7233752012252808
0.9081193804740906,-0.6565942764282227
0.9081193804740906,-0.650399386882782
0.908111572265625,-0.6553552746772766
0.9081193804740906,-0.5946456789970398
0.9081193804740906,-0.6020795106887817
0.908111572265625,-0.5934066772460938
0.6352805495262146,-0.7501304745674133
0.635280191898346,-0.7711218595504761
0.6352721452713013,-0.7664571404457092
0.6352693438529968,-0.7221419215202332
0.6352689862251282,-0.6708295941352844
0.6352609395980835,-0.7781190276145935
0.6352693438529968,-0.768789529800415
0.6352689862251282,-0.7104800343513489
0.6352609395980835,-0.757127583026886
0.8426323533058167,-0.5884507894515991
0.8426323533058167,-0.6020795106887817
0.8426305651664734,-0.5884507894515991
0.8426262140274048,-0.6442045569419861
0.84262615442276,-0.6454434990882874
0.8426243662834167,-0.6454434990882874
0.8426262140274048,-0.6553552746772766
0.84262615442276,-0.64296555519104
0.8426243662834167,-0.650399386882782
0.8989261984825134,-0.650399386882782
0.8989238739013672,-0.6528773307800293
0.8989261984825134,-0.7073920965194702
0.8989261984825134,-0.6528773307800293
0.8989238739013672,-0.5847339034080505
0.8989261984825134,-0.7049141526222229
0.8989281058311462,-0.6541163325309753
0.89892578125,-0.6565942764282227
0.8989281058311462,-0.5996015667915344
1.0583508014678955,-0.5556964874267578
1.0583508014678955,-0.5534465909004211
1.058350920677185,-0.573695957660675
1.0583508014678955,-0.5410719513893127
1.0583508014678955,-0.5489466786384583
1.058350920677185,-0.573695957660675
1.1603984832763672,-0.5642918944358826
1.1603981256484985,-0.46802660822868347
1.1603981256484985,-0.571812629699707
0.8721727132797241,-0.5996015667915344
0.9783666729927063,-0.7044087648391724
0.8721721172332764,-0.6962413787841797
0.9783667325973511,-0.6089409589767456
0.8721727132797241,-0.6479214429855347
0.9783666729927063,-0.5776155591011047
0.872172474861145,-0.6454434990882874
0.8721718788146973,-0.5921677350997925
0.9783667325973511,-0.6507080793380737
0.872172474861145,-0.7036752104759216
0.9783666729927063,-0.5626987218856812
0.8721727132797241,-0.6627891063690186
0.8721721172332764,-0.7024362087249756
0.8721727132797241,-0.6095133423805237
1.161602258682251,-0.574820876121521
1.161601185798645,-0.4274146854877472
1.1616021394729614,-0.573316752910614
0.8900229930877686,-0.6008405089378357
0.8900229930877686,-0.650399386882782
0.8900229334831238,-0.5921677350997925
0.8900421261787415,-0.610752284526825
0.8900421261787415,-0.6392486691474915
0.8900420665740967,-0.5946456789970398
0.8900423645973206,-0.6962413787841797
0.8900423049926758,-0.6367707252502441
0.890042245388031,-0.5884507894515991
0.9209544062614441,-0.5612069964408875
0.9209546446800232,-0.7059004306793213
0.9209737181663513,-0.5984991192817688
0.9209517240524292,-0.5970074534416199
0.8519242405891418,-0.6528773307800293
0.9209519624710083,-0.6432496905326843
0.8519242405891418,-0.5934066772460938
0.9209710955619812,-0.7014253735542297
0.8519245386123657,-0.5859728455543518
0.9209517240524292,-0.6029741764068604
0.8519242405891418,-0.706153154373169
0.9209519624710083,-0.6596581935882568
0.8519242405891418,-0.64296555519104
0.9209710955619812,-0.6641332507133484
0.8519245386123657,-0.5971236228942871
0.7098886966705322,-0.6988181471824646
0.7098828554153442,-0.7757866382598877
0.7098828554153442,-0.7104800343513489
0.7098888754844666,-0.7594599723815918
0.7098830938339233,-0.7617923617362976
0.7098830938339233,-0.694153368473053
0.7099264860153198,-0.6568353176116943
0.7099207043647766,-0.768789529800415
0.7099207043647766,-0.7594599723815918
1.0670632123947144,-0.5388219952583313
1.0670596361160278,-0.5489466786384583
1.067103624343872,-0.46569928526878357
1.067063331604004,-0.573695957660675
1.067059874534607,-0.5455718040466309
1.0671038627624512,-0.46457430720329285
1.067093014717102,-0.5545715093612671
1.0671334266662598,-0.4679492115974426
1.0307618379592896,-0.5571862459182739
1.0307564735412598,-0.5593328475952148
1.0307564735412598,-0.558975100517273
1.0307618379592896,-0.5582595467567444
1.0307564735412598,-0.5836606025695801
1.0307564735412598,-0.5582595467567444
1.0073986053466797,-0.5815140604972839
1.00739586353302,-0.5593328475952148
1.0073986053466797,-0.5843761563301086
1.0074048042297363,-0.5600483417510986
1.0074020624160767,-0.584018349647522
1.0074048042297363,-0.5561130046844482
1.0074049234390259,-0.584018349647522
1.0074023008346558,-0.5507465600967407
1.0074049234390259,-0.5571862459182739
1.0005682706832886,-0.5618371963500977
1.0005680322647095,-0.5593328475952148
1.0005680322647095,-0.5518198609352112
0.8182983994483948,-0.6530406475067139
0.818301260471344,-0.6395148038864136
0.818301260471344,-0.7071441411972046
0.8182983994483948,-0.6990286111831665
0.818301260471344,-0.6368096470832825
0.818301260471344,-0.6584510207176208
0.8182879686355591,-0.6151682138442993
0.8182908296585083,-0.7828890085220337
0.8182908296585083,-0.6990286111831665
0.7516771554946899,-0.6568353176116943
0.7516773343086243,-0.7617923617362976
0.7516771554946899,-0.6358439326286316
0.7516776919364929,-0.7081476449966431
0.7516778707504272,-0.6894886493682861
0.7516776919364929,-0.6824914813041687
0.7516771554946899,-0.6801591515541077
0.7516773343086243,-0.724474310874939
0.7516771554946899,-0.754795253276825
1.0293766260147095,-0.5596905946731567
1.0293766260147095,-0.5825873017311096
1.02937650680542,-0.5843761563301086
1.02937650680542,-0.5493155121803284
1.0293766260147095,-0.5593328475952148
1.0293766260147095,-0.5579017996788025
0.6742712259292603,-0.7477980852127075
0.6742712259292603,-0.7408009767532349
0.6743301749229431,-0.768789529800415
0.6742710471153259,-0.7477980852127075
0.6742710471153259,-0.768789529800415
0.6743299961090088,-0.6988181471824646
0.6742710471153259,-0.757127583026886
0.6742710471153259,-0.6918210387229919
0.6743299961090088,-0.7664571404457092
0.774309515953064,-0.6178734302520752
0.9848126173019409,-0.5500310659408569
0.7743094563484192,-0.6936182975769043
0.9848126173019409,-0.5586172938346863
0.7742999196052551,-0.7206699848175049
0.9848166108131409,-0.5496732592582703
0.774319589138031,-0.6855027675628662
0.9848169684410095,-0.5503888130187988
0.7743195295333862,-0.7639527916908264
0.7743099927902222,-0.6341044306755066
0.9848209619522095,-0.5507465600967407
0.774319589138031,-0.7855941653251648
0.9848169684410095,-0.5836606025695801
0.7743195295333862,-0.7720683217048645
0.9848169684410095,-0.5511043071746826
0.7743099927902222,-0.8369925022125244
0.9848209619522095,-0.5604061484336853
1.2213048934936523,-0.41633903980255127
1.2212861776351929,-0.461796373128891
1.2212867736816406,-0.46096986532211304
1.1369048357009888,-0.4710349142551422
1.136926293373108,-0.4259105622768402
1.1369261741638184,-0.4725390374660492
1.1369212865829468,-0.4650183320045471
0.9785527586936951,-0.5805989503860474
1.1638879776000977,-0.5597794651985168
0.9785527586936951,-0.6253494620323181
0.9785527586936951,-0.5761238932609558
0.928379476070404,-0.6969503164291382
0.978553056716919,-0.5984991192817688
0.9283798336982727,-0.6014825105667114
0.9785529971122742,-0.5895490050315857
0.928379476070404,-0.5835822820663452
0.978553056716919,-0.5776155591011047
0.928379476070404,-0.5612069964408875
0.978553056716919,-0.6104326248168945
1.1638907194137573,-0.46351417899131775
0.9283798336982727,-0.5850739479064941
0.9785529971122742,-0.595515787601471
1.1638975143432617,-0.5627877712249756
0.928379476070404,-0.6477247476577759
0.978553056716919,-0.5999908447265625
0.758916974067688,-0.7081476449966431
0.758916974067688,-0.7314714789390564
0.7589241862297058,-0.7221419215202332
0.7589241862297058,-0.6405087113380432
0.7589242458343506,-0.7174772024154663
0.7589242458343506,-0.6824914813041687
1.1115810871124268,-0.5489466786384583
1.1115448474884033,-0.5523216128349304
1.1115549802780151,-0.47357404232025146
1.1115591526031494,-0.5410719513893127
1.0980724096298218,-0.5725709795951843
1.0980712175369263,-0.46569928526878357
1.0980477333068848,-0.5725709795951843
1.0980732440948486,-0.5410719513893127
1.0980724096298218,-0.5511966347694397
1.0980712175369263,-0.5478217601776123
1.0643188953399658,-0.5669461488723755
1.0643231868743896,-0.46569928526878357
1.0643187761306763,-0.5365720987319946
1.0643231868743896,-0.5410719513893127
1.0643231868743896,-0.5534465909004211
1.0643188953399658,-0.5455718040466309
1.0643231868743896,-0.5421969294548035
1.0624936819076538,-0.46569928526878357
1.062496304512024,-0.5545715093612671
1.062496304512024,-0.5613213181495667
1.0624967813491821,-0.46569928526878357
1.062496304512024,-0.5466967821121216
1.062496304512024,-0.550071656703949
1.0624966621398926,-0.5489466786384583
0.6895787715911865,-0.7198095321655273
0.6895793080329895,-0.6871562600135803
0.6895787715911865,-0.7524628639221191
0.6895837187767029,-0.6498382091522217
0.6895843148231506,-0.7408009767532349
0.6895837187767029,-0.7477980852127075
0.6895837783813477,-0.7711218595504761
0.6895843744277954,-0.8644170165061951
0.6895837783813477,-0.7501304745674133
0.5678930282592773,-0.7576407194137573
0.5678825378417969,-0.7403868436813354
0.5678825378417969,-0.7302595376968384
0.5678931474685669,-0.722007691860199
0.5678827166557312,-0.7572656273841858
0.5678826570510864,-0.7553902268409729
0.567851185798645,-0.7580158114433289
0.5678407549858093,-0.722757875919342
0.5678406953811646,-0.732134997844696
1.0169597864151,-0.5611216425895691
1.016953945159912,-0.5586172938346863
1.0169538259506226,-0.561479389667511
1.0169597864151,-0.5496732592582703
1.016953945159912,-0.5833028554916382
1.0169538259506226,-0.5829451084136963
1.0169525146484375,-0.5532509088516235
1.0169466733932495,-0.5493155121803284
1.01694655418396,-0.5536086559295654
0.7250288724899292,-0.6778267621994019
0.7250347137451172,-0.7174772024154663
0.7250347137451172,-0.7081476449966431
1.1906381845474243,-0.45749759674072266
0.7250490784645081,-0.7501304745674133
0.725054919719696,-0.7034829258918762
0.725054919719696,-0.6871562600135803
0.7250491976737976,-0.7011505365371704
0.7250550389289856,-0.6638324856758118
0.7250550389289856,-0.6568353176116943
1.094382643699646,-0.5635712742805481
1.0943573713302612,-0.4679492115974426
1.0943578481674194,-0.47244906425476074
1.094382643699646,-0.5455718040466309
1.0943573713302612,-0.4780738949775696
1.0943577289581299,-0.550071656703949
1.0943876504898071,-0.573695957660675
1.0943623781204224,-0.46457430720329285
1.094362735748291,-0.46569928526878357
0.6924342513084412,-0.7454656958580017
0.6924386620521545,-0.8550875186920166
0.6924386024475098,-0.675494372844696
0.6924313902854919,-0.6778267621994019
0.6924358010292053,-0.768789529800415
0.6924357414245605,-0.7594599723815918
0.6923885345458984,-0.6358439326286316
0.6923929452896118,-0.6684972047805786
0.692392885684967,-0.7221419215202332
0.6733778715133667,-0.7454656958580017
0.6733816266059875,-0.7314714789390564
0.6733816266059875,-0.7477980852127075
0.6733760237693787,-0.6964857578277588
0.6733797788619995,-0.7291390895843506
1.221626877784729,-0.4221245348453522
0.6733797788619995,-0.6871562600135803
0.6733778715133667,-0.7757866382598877
0.6733816266059875,-0.7664571404457092
0.6733816266059875,-0.7617923617362976
1.3006588220596313,-0.38215765357017517
0.8688961863517761,-0.6541163325309753
0.8688912391662598,-0.6404876112937927
0.8688912391662598,-0.5847339034080505
0.8688961863517761,-0.6392486691474915
0.8688912391662598,-0.64296555519104
0.8688912391662598,-0.5971236228942871
0.8688935041427612,-0.5847339034080505
0.8688885569572449,-0.610752284526825
1.1644032001495361,-0.460505872964859
0.8688885569572449,-0.6008405089378357
1.0491505861282349,-0.5618371963500977
1.0491477251052856,-0.5829451084136963
1.049164056777954,-0.5836606025695801
1.0491611957550049,-0.5618371963500977
1.049164056777954,-0.5500310659408569
1.0491641759872437,-0.5511043071746826
1.0491613149642944,-0.5503888130187988
1.0491641759872437,-0.5604061484336853
0.5941570401191711,-0.737386167049408
1.1469252109527588,-0.45298516750335693
0.5941644310951233,-0.7580158114433289
1.1469130516052246,-0.4334312677383423
0.5941644310951233,-0.7583909034729004
0.5941571593284607,-0.7565154433250427
1.1469252109527588,-0.42891883850097656
0.5941645503044128,-0.7576407194137573
1.1469130516052246,-0.4650183320045471
0.5941644906997681,-0.7572656273841858
0.5942301154136658,-0.7400117516517639
0.5942375063896179,-0.7362608909606934
0.5942374467849731,-0.7445127367973328
0.8986659049987793,-0.5934066772460938
1.1672917604446411,-0.573316752910614
0.8986565470695496,-0.65907222032547
0.8986563086509705,-0.6937634348869324
0.8986626863479614,-0.6070353984832764
0.8986533284187317,-0.651638388633728
1.1673201322555542,-0.4620100259780884
0.8986530900001526,-0.5859728455543518
0.8986629843711853,-0.6392486691474915
1.1672917604446411,-0.574820876121521
0.8986536264419556,-0.7011972665786743
1.1673160791397095,-0.4259105622768402
0.8986533880233765,-0.6999582648277283
0.7981225252151489,-0.7801838517189026
0.7981231212615967,-0.7098492980003357
0.7981225252151489,-0.6963234543800354
0.7981129884719849,-0.8613390326499939
1.179633378982544,-0.4650183320045471
0.7981135845184326,-0.601642370223999
1.1678086519241333,-0.573316752910614
0.7981129884719849,-0.7612476348876953
0.7981131076812744,-0.6584510207176208
0.7981137037277222,-0.6341044306755066
1.1678086519241333,-0.460505872964859
0.7981131076812744,-0.6963234543800354
0.9948949813842773,-0.5607638955116272
1.0654782056808472,-0.5714460015296936
0.994900107383728,-0.5596905946731567
1.0654728412628174,-0.46569928526878357
1.0654728412628174,-0.5376970767974854
0.9949230551719666,-0.5503888130187988
1.0654560327529907,-0.5433219075202942
0.9949281811714172,-0.5514621138572693
1.0654505491256714,-0.5489466786384583
0.9949283003807068,-0.5593328475952148
1.0654505491256714,-0.5455718040466309
0.9949271082878113,-0.5843761563301086
1.0654560327529907,-0.574820876121521
0.994932234287262,-0.5847339034080505
0.9949323534965515,-0.5596905946731567
1.065450668334961,-0.46569928526878357
1.1047098636627197,-0.550071656703949
1.0467441082000732,-0.5593328475952148
1.1047130823135376,-0.573695957660675
1.0467441082000732,-0.5804407596588135
1.1047130823135376,-0.5466967821121216
1.0467195510864258,-0.5604061484336853
1.0467195510864258,-0.5836606025695801
1.1047230958938599,-0.4758239686489105
1.1047199964523315,-0.4701991379261017
1.0467199087142944,-0.5575440526008606
1.1047230958938599,-0.5568214654922485
1.0467199087142944,-0.5579017996788025
1.1047230958938599,-0.46457430720329285
1.2901113033294678,-0.4079322814941406
0.771171510219574,-0.6476303339004517
0.7711549401283264,-0.6205785870552063
0.7711547613143921,-0.8667494058609009
0.7711658477783203,-0.7017337679862976
0.7711493372917175,-0.6151682138442993
0.7711490988731384,-0.7504269480705261
0.7711659073829651,-0.6341044306755066
0.7711493372917175,-0.8667494058609009
0.7711491584777832,-0.7747734785079956
1.030692458152771,-0.5496732592582703
0.8655166029930115,-0.6442045569419861
1.0306962728500366,-0.5607638955116272
0.8655166029930115,-0.6454434990882874
1.0306963920593262,-0.5575440526008606
1.0306951999664307,-0.5579017996788025
0.865517258644104,-0.6491604447364807
1.0306990146636963,-0.5611216425895691
0.865517258644104,-0.5896897912025452
1.0306991338729858,-0.5625526905059814
1.030692458152771,-0.552535355091095
0.8655166029930115,-0.706153154373169
1.0306962728500366,-0.5586172938346863
0.8655166029930115,-0.6367707252502441
1.0306963920593262,-0.5600483417510986
0.9575917720794678,-0.5686654448509216
0.9575945734977722,-0.7044087648391724
0.957594633102417,-0.5686654448509216
0.9575432538986206,-0.604465901851654
0.957546055316925,-0.7044087648391724
0.9575461149215698,-0.6894919276237488
0.9575434923171997,-0.5835822820663452
0.9575462937355042,-0.6999337077140808
0.9575463533401489,-0.595515787601471
1.1728266477584839,-0.4319271445274353
1.1728459596633911,-0.5688043236732483
1.0122543573379517,-0.5582595467567444
1.012254238128662,-0.5521776080131531
1.0122357606887817,-0.5514621138572693
1.0122569799423218,-0.5825873017311096
1.0122568607330322,-0.5847339034080505
1.0122383832931519,-0.5829451084136963
1.0122545957565308,-0.5493155121803284
1.0122545957565308,-0.5825873017311096
1.0122361183166504,-0.5847339034080505
0.8151302933692932,-0.7152596712112427
0.81512451171875,-0.6422199606895447
0.8151244521141052,-0.6449251174926758
0.815130352973938,-0.5989372134208679
0.8151246309280396,-0.6557458639144897
0.8151245713233948,-0.7044389843940735
0.8151302933692932,-0.7071441411972046
0.81512451171875,-0.6395148038864136
0.8151244521141052,-0.6259889006614685
1.057891845703125,-0.5489466786384583
1.0578856468200684,-0.4679492115974426
1.0578856468200684,-0.5568214654922485
1.0578856468200684,-0.46569928526878357
1.0578793287277222,-0.4713241159915924
1.0578794479370117,-0.5534465909004211
1.0578856468200684,-0.5433219075202942
1.0578793287277222,-0.574820876121521
1.0578794479370117,-0.4668242335319519
0.8590361475944519,-0.5872118473052979
0.8590291142463684,-0.7024362087249756
0.8590287566184998,-0.7036752104759216
0.8590347170829773,-0.6999582648277283
0.8590276837348938,-0.6417266130447388
0.8590273261070251,-0.6640281081199646
0.85905522108078,-0.5859728455543518
0.8590482473373413,-0.6491604447364807
0.8590478897094727,-0.6603111624717712
0.989944338798523,-0.5586172938346863
0.9899445176124573,-0.5496732592582703
0.9898880124092102,-0.558975100517273
0.9899418950080872,-0.5596905946731567
0.9899420738220215,-0.5629104375839233
0.9898855686187744,-0.5546819567680359
0.989944338798523,-0.5833028554916382
0.9899445176124573,-0.5618371963500977
0.9898880124092102,-0.558975100517273
1.0518298149108887,-0.5836606025695801
1.0518258810043335,-0.5836606025695801
1.0518280267715454,-0.5604061484336853
1.0518279075622559,-0.5829451084136963
1.0518239736557007,-0.5507465600967407
1.0518299341201782,-0.5511043071746826
1.0518298149108887,-0.5847339034080505
1.0518258810043335,-0.5843761563301086
1.15494966506958,-0.4499768614768982
1.0318204164505005,-0.5496732592582703
1.155902624130249,-0.5627877712249756
1.15494966506958,-0.5703084468841553
1.03182053565979,-0.5493155121803284
1.155902624130249,-0.4274146854877472
1.031869888305664,-0.5496732592582703
1.1549533605575562,-0.42891883850097656
1.0318223237991333,-0.5836606025695801
1.1559025049209595,-0.4710349142551422
1.0318224430084229,-0.5511043071746826
1.1559025049209595,-0.5657960176467896
1.154953122138977,-0.5627877712249756
1.0318716764450073,-0.5582595467567444
1.1558963060379028,-0.5612835884094238
1.0318204164505005,-0.5600483417510986
1.155902624130249,-0.4319271445274353
1.03182053565979,-0.5496732592582703
1.155902624130249,-0.4259105622768402
1.031869888305664,-0.561479389667511
1.1558964252471924,-0.4770514965057373
1.153849482536316,-0.5703084468841553
1.1538493633270264,-0.5688043236732483
1.1538465023040771,-0.5688043236732483
1.1538597345352173,-0.574820876121521
1.1538465023040771,-0.4710349142551422
1.1538597345352173,-0.46953076124191284
0.9758298993110657,-0.5940240621566772
0.9758743643760681,-0.6387746334075928
0.9758723378181458,-0.5865656733512878
0.975829005241394,-0.6402662992477417
0.9758734703063965,-0.6999337077140808
0.9758714437484741,-0.6357912421226501
0.9758217334747314,-0.5597153306007385
0.9758661985397339,-0.6551831364631653
0.9758641719818115,-0.7044087648391724
1.0278995037078857,-0.556828498840332
1.0609662532806396,-0.5703210234642029
1.0279011726379395,-0.5493155121803284
1.0609254837036133,-0.5455718040466309
1.027901291847229,-0.558975100517273
1.0609253644943237,-0.47244906425476074
1.0279037952423096,-0.5600483417510986
1.0609662532806396,-0.5545715093612671
1.0279055833816528,-0.5503888130187988
1.0609253644943237,-0.574820876121521
1.0279055833816528,-0.5493155121803284
1.0609252452850342,-0.573695957660675
1.0278995037078857,-0.5493155121803284
1.0609662532806396,-0.5579464435577393
1.0279011726379395,-0.5503888130187988
1.0609254837036133,-0.5433219075202942
1.027901291847229,-0.5593328475952148
1.0609253644943237,-0.5545715093612671
1.09634530544281,-0.574820876121521
1.0963451862335205,-0.5579464435577393
1.0963561534881592,-0.5489466786384583
1.09634530544281,-0.4668242335319519
1.0963562726974487,-0.574820876121521
1.0963497161865234,-0.5545715093612671
1.0963605642318726,-0.5433219075202942
0.6626986861228943,-0.6918210387229919
0.6626988649368286,-0.7128124237060547
0.6626952886581421,-0.7011505365371704
0.6626985669136047,-0.738468587398529
0.6626987457275391,-0.754795253276825
0.6626951694488525,-0.7314714789390564
0.6627152562141418,-0.7827837467193604
0.6627154350280762,-0.7454656958580017
0.6627118587493896,-0.6731619834899902
1.1782768964767456,-0.5612835884094238
1.1782681941986084,-0.4620100259780884
1.1782652139663696,-0.47554734349250793
0.7336736917495728,-0.6848238706588745
0.7336736917495728,-0.705815315246582
0.7336753010749817,-0.694153368473053
0.7336747646331787,-0.6824914813041687
0.7336747646331787,-0.7921133041381836
0.7336763739585876,-0.7034829258918762
0.7336736917495728,-0.7081476449966431
0.7336736917495728,-0.7034829258918762
0.7336753010749817,-0.6661648750305176
0.6570637822151184,-0.7361361980438232
0.6570412516593933,-0.705815315246582
0.657041072845459,-0.6591677069664001
0.6570637822151184,-0.7524628639221191
0.6570412516593933,-0.6988181471824646
0.657041072845459,-0.7711218595504761
0.6570475101470947,-0.7851161360740662
0.6570249795913696,-0.757127583026886
0.6570248007774353,-0.7617923617362976
0.9443283677101135,-0.7073920965194702
0.9443284273147583,-0.6119242906570435
0.9442914128303528,-0.5746321678161621
0.9443286061286926,-0.7073920965194702
0.9443286657333374,-0.6939669251441956
0.9442916512489319,-0.6119242906570435
0.9443283677101135,-0.6029741764068604
0.9443284273147583,-0.5791072249412537
0.9442914128303528,-0.5805989503860474
1.2025808095932007,-0.42625701427459717
0.9998646378517151,-0.5596905946731567
1.092166781425476,-0.574820876121521
1.0717989206314087,-0.5714460015296936
0.9998646378517151,-0.5600483417510986
1.092166781425476,-0.5433219075202942
1.07179594039917,-0.5444468259811401
0.9998658299446106,-0.5503888130187988
1.0718003511428833,-0.5410719513893127
0.9998658895492554,-0.5496732592582703
1.0921639204025269,-0.550071656703949
1.0717955827713013,-0.5511966347694397
0.9998703598976135,-0.5611216425895691
1.0921605825424194,-0.5725709795951843
1.0717946290969849,-0.5388219952583313
0.9998646378517151,-0.584018349647522
1.092166781425476,-0.4634493589401245
1.0717989206314087,-0.5466967821121216
0.9998646378517151,-0.5493155121803284
1.092166781425476,-0.46457430720329285
1.0717941522598267,-0.4679492115974426
0.9998691082000732,-0.5825873017311096
1.2656134366989136,-0.42047154903411865
1.0753271579742432,-0.5433219075202942
1.2123039960861206,-0.39071765542030334
1.213669776916504,-0.3832792043685913
1.0753272771835327,-0.5455718040466309
1.2123037576675415,-0.46096986532211304
1.075312852859497,-0.5489466786384583
1.0753252506256104,-0.5669461488723755
1.0753253698349,-0.5511966347694397
1.0753216743469238,-0.5410719513893127
1.075334072113037,-0.46569928526878357
1.2122961282730103,-0.4237775206565857
1.075334072113037,-0.4668242335319519
0.8861415386199951,-0.5921677350997925
0.8861418962478638,-0.7036752104759216
0.8861157894134521,-0.6491604447364807
0.8861414790153503,-0.6454434990882874
0.8861417770385742,-0.6392486691474915
0.8861157298088074,-0.6404876112937927
0.8861327767372131,-0.6491604447364807
0.8861331343650818,-0.603318452835083
0.8861070275306702,-0.5946456789970398
1.201157808303833,-0.4270835220813751
1.1916944980621338,-0.4725390374660492
1.2011595964431763,-0.46262285113334656
0.7714996337890625,-0.6638613343238831
0.7715191841125488,-0.6070526838302612
0.7715191841125488,-0.7098492980003357
0.7715345621109009,-0.6422199606895447
0.7715541124343872,-0.7017337679862976
0.7715541124343872,-0.7098492980003357
0.7715344429016113,-0.6151682138442993
0.7715539932250977,-0.8586338758468628
0.7715539932250977,-0.6395148038864136
0.8620074987411499,-0.5847339034080505
0.8620089888572693,-0.6020795106887817
0.8620074987411499,-0.6491604447364807
0.8620231747627258,-0.6404876112937927
0.8620246648788452,-0.651638388633728
0.8620231747627258,-0.6491604447364807
0.8620231747627258,-0.6442045569419861
0.8620246648788452,-0.6528773307800293
0.8620231747627258,-0.5921677350997925
0.6123924255371094,-0.7550151348114014
0.6123896241188049,-0.7400117516517639
0.6123896241188049,-0.7535147666931152
0.6123862862586975,-0.7385113835334778
0.6123834252357483,-0.7400117516517639
0.6123834252357483,-0.7583909034729004
0.6123863458633423,-0.7310097217559814
0.6123834848403931,-0.7388864755630493
0.6123834848403931,-0.7580158114433289
0.8496299386024475,-0.650399386882782
0.8496299386024475,-0.650399386882782
0.8496299386024475,-0.6491604447364807
0.8496417999267578,-0.603318452835083
0.8496417999267578,-0.7024362087249756
0.8496417999267578,-0.698719322681427
0.8496416807174683,-0.5896897912025452
0.8496416807174683,-0.651638388633728
0.8496416807174683,-0.5909287333488464
0.688685417175293,-0.6475058197975159
0.688685417175293,-0.7711218595504761
0.6886591911315918,-0.6545029878616333
0.6886591911315918,-0.7408009767532349
0.688659131526947,-0.7757866382598877
0.688659131526947,-0.7361361980438232
0.9806914925575256,-0.5626987218856812
0.9806914925575256,-0.5597153306007385
0.9806944131851196,-0.6417579650878906
0.980691134929657,-0.6193827390670776
0.980691134929657,-0.565682053565979
0.980694055557251,-0.6387746334075928
0.9806914925575256,-0.595515787601471
0.9806914925575256,-0.5970074534416199
0.9806944131851196,-0.5850739479064941
1.0368335247039795,-0.5596905946731567
1.0368361473083496,-0.5829451084136963
1.0367929935455322,-0.5596905946731567
1.0368340015411377,-0.5511043071746826
1.0368367433547974,-0.5593328475952148
1.03679358959198,-0.5582595467567444
1.0368335247039795,-0.5607638955116272
1.0368361473083496,-0.5825873017311096
1.0367929935455322,-0.5611216425895691
0.9166180491447449,-0.5895490050315857
0.9166195392608643,-0.5910407304763794
0.9166180491447449,-0.5925323963165283
0.9165984988212585,-0.6492164134979248
0.9165999889373779,-0.604465901851654
0.9165984988212585,-0.7029170393943787
0.9165986776351929,-0.6402662992477417
0.916600227355957,-0.5895490050315857
0.9165986776351929,-0.7029170393943787
0.9047444462776184,-0.6057963967323303
0.9047444462776184,-0.706153154373169
0.9047609567642212,-0.7073920965194702
0.9047443270683289,-0.706153154373169
0.9047442674636841,-0.706153154373169
0.9047607779502869,-0.7073920965194702
0.9047781229019165,-0.650399386882782
0.9047780632972717,-0.5896897912025452
0.9047945737838745,-0.6491604447364807
1.1991380453109741,-0.4710349142551422
1.1991525888442993,-0.5703084468841553
1.199140191078186,-0.46953076124191284
1.2512450218200684,-0.4320424795150757
1.0475507974624634,-0.5607638955116272
1.047550916671753,-0.584018349647522
1.0475507974624634,-0.5836606025695801
1.1441303491592407,-0.4559934437274933
1.047555923461914,-0.5500310659408569
1.0475560426712036,-0.5579017996788025
1.047555923461914,-0.5593328475952148
1.1441309452056885,-0.47404319047927856
1.0475558042526245,-0.5818718075752258
1.047555923461914,-0.5825873017311096
1.1441189050674438,-0.47554734349250793
1.1441309452056885,-0.4620100259780884
1.0273525714874268,-0.584018349647522
1.027353286743164,-0.5593328475952148
1.0273345708847046,-0.5825873017311096
1.0273526906967163,-0.5833028554916382
1.0273535251617432,-0.5822295546531677
1.0273346900939941,-0.5836606025695801
1.0272870063781738,-0.554324209690094
1.0272878408432007,-0.5607638955116272
1.0272690057754517,-0.5503888130187988
1.0920493602752686,-0.564696192741394
1.0920488834381104,-0.5556964874267578
1.09200119972229,-0.5545715093612671
1.0920493602752686,-0.5714460015296936
1.0920488834381104,-0.5680711269378662
1.09200119972229,-0.5466967821121216
1.0920472145080566,-0.5421969294548035
1.0919990539550781,-0.46907418966293335
1.047082781791687,-0.558975100517273
1.0470824241638184,-0.5496732592582703
1.0471198558807373,-0.5493155121803284
1.047082781791687,-0.5621949434280396
1.0470824241638184,-0.5596905946731567
1.0471198558807373,-0.5507465600967407
1.047114372253418,-0.584018349647522
1.0471140146255493,-0.5575440526008606
1.0471514463424683,-0.5836606025695801
0.9901681542396545,-0.5496732592582703
0.990168035030365,-0.5500310659408569
0.9902152419090271,-0.5586172938346863
0.9901681542396545,-0.5496732592582703
0.990168035030365,-0.5636259913444519
0.9902152419090271,-0.5557552576065063
0.9901506900787354,-0.5514621138572693
0.9901505708694458,-0.5575440526008606
0.9901977181434631,-0.5604061484336853
0.9956026673316956,-0.5493155121803284
0.9956027865409851,-0.5829451084136963
0.9956914782524109,-0.5500310659408569
0.9956035614013672,-0.5604061484336853
0.9956036806106567,-0.558975100517273
0.9956924319267273,-0.5536086559295654
0.9956026673316956,-0.5493155121803284
0.9956027865409851,-0.5596905946731567
0.9956914782524109,-0.5639837384223938
0.9768790602684021,-0.5716488361358643
0.8781312108039856,-0.706153154373169
0.9768815636634827,-0.5880573391914368
0.8781311511993408,-0.6541163325309753
0.9768452644348145,-0.5925323963165283
0.8781356811523438,-0.5958846211433411
0.9768778681755066,-0.6462330222129822
0.8781316876411438,-0.5921677350997925
0.9768803715705872,-0.6402662992477417
0.878131628036499,-0.603318452835083
0.976844072341919,-0.6999337077140808
0.878136157989502,-0.6528773307800293
0.9768790602684021,-0.6029741764068604
0.8781312108039856,-0.7073920965194702
0.9768815636634827,-0.6447413563728333
0.8781311511993408,-0.697480320930481
0.9768452644348145,-0.6119242906570435
0.8781356811523438,-0.651638388633728
1.0220415592193604,-0.5596905946731567
1.0220415592193604,-0.5822295546531677
1.0220396518707275,-0.5496732592582703
1.0220379829406738,-0.5561130046844482
1.022036075592041,-0.5596905946731567
1.0220415592193604,-0.558975100517273
1.0220396518707275,-0.5493155121803284
0.8660468459129333,-0.7011972665786743
0.8660469055175781,-0.604557454586029
0.8660244941711426,-0.651638388633728
0.8660465478897095,-0.7073920965194702
0.8660466074943542,-0.6541163325309753
0.8660241961479187,-0.5934066772460938
0.8660468459129333,-0.6057963967323303
0.8660469055175781,-0.6491604447364807
0.8660244941711426,-0.651638388633728
0.972657322883606,-0.5970074534416199
0.9726561307907104,-0.6014825105667114
0.972665548324585,-0.7059004306793213
0.972659707069397,-0.7059004306793213
0.9726585149765015,-0.6029741764068604
0.972667932510376,-0.5865656733512878
0.972657322883606,-0.6611499190330505
0.9726561307907104,-0.5984991192817688
0.972665548324585,-0.5597153306007385
1.1813361644744873,-0.44095200300216675
1.181341528892517,-0.571812629699707
1.1813361644744873,-0.43493542075157166
1.1813361644744873,-0.46351417899131775
0.9634750485420227,-0.5850739479064941
0.9634751677513123,-0.6447413563728333
0.9634820818901062,-0.6014825105667114
0.9634745717048645,-0.6462330222129822
0.963474690914154,-0.7014253735542297
0.963481605052948,-0.6357912421226501
0.9634750485420227,-0.5761238932609558
0.9634751677513123,-0.5820906162261963
0.9634820818901062,-0.6402662992477417
0.8793846964836121,-0.6491604447364807
0.8793826103210449,-0.6466825008392334
0.8793967962265015,-0.651638388633728
0.8793846964836121,-0.651638388633728
0.8793826103210449,-0.7073920965194702
0.8793967962265015,-0.6380096673965454
0.8793790936470032,-0.706153154373169
0.879377007484436,-0.6404876112937927
0.8793911933898926,-0.6008405089378357
1.165259838104248,-0.4650183320045471
1.1445562839508057,-0.4710349142551422
1.165246844291687,-0.42891883850097656
1.1445834636688232,-0.45749759674072266
1.165237545967102,-0.574820876121521
1.1652469635009766,-0.5688043236732483
1.1445834636688232,-0.43042299151420593
1.1652469635009766,-0.4620100259780884
1.1445834636688232,-0.5657960176467896
0.7586113214492798,-0.7104800343513489
0.7586114406585693,-0.6731619834899902
0.7585792541503906,-0.7174772024154663
0.7586113214492798,-0.6824914813041687
0.7586114406585693,-0.7757866382598877
0.7585792541503906,-0.7454656958580017
0.7586137652397156,-0.7641247510910034
0.7586138844490051,-0.6358439326286316
0.7585816979408264,-0.6498382091522217
1.043644905090332,-0.5843761563301086
1.0436450242996216,-0.5582595467567444
1.0436564683914185,-0.5514621138572693
1.0436451435089111,-0.5636259913444519
1.043656587600708,-0.5811562538146973
1.043644905090332,-0.5579017996788025
1.0436450242996216,-0.5500310659408569
1.0436564683914185,-0.5493155121803284
0.9571123719215393,-0.5940240621566772
0.9571122527122498,-0.5716488361358643
0.9571073055267334,-0.5805989503860474
0.9570438265800476,-0.6984419822692871
0.9570437073707581,-0.5671737790107727
0.9570387601852417,-0.6551831364631653
0.9570437073707581,-0.6492164134979248
0.9570435881614685,-0.656674861907959
0.9570385813713074,-0.5895490050315857
0.9049435257911682,-0.6999582648277283
0.9049434065818787,-0.7036752104759216
0.904930830001831,-0.6095133423805237
0.9049443602561951,-0.6962413787841797
0.9049442410469055,-0.7073920965194702
0.9049316644668579,-0.6479214429855347
0.9049435257911682,-0.6491604447364807
0.9049434065818787,-0.6553552746772766
0.904930830001831,-0.6020795106887817
0.6886841058731079,-0.8387608528137207
0.5842261910438538,-0.7553902268409729
0.6886840462684631,-0.757127583026886
0.5842260718345642,-0.7235080599784851
1.0954394340515137,-0.46907418966293335
0.6886982321739197,-0.6405087113380432
0.5842506885528564,-0.7392615675926208
1.0954315662384033,-0.5556964874267578
0.6886674165725708,-0.7501304745674133
0.584248423576355,-0.7576407194137573
1.0954198837280273,-0.47357404232025146
0.6886674165725708,-0.7477980852127075
0.5842482447624207,-0.7343854904174805
1.0954201221466064,-0.5478217601776123
0.6886816024780273,-0.7291390895843506
0.5842728614807129,-0.7493888735771179
1.095412254333496,-0.5421969294548035
0.6886674165725708,-0.7408009767532349
0.5842486619949341,-0.740761935710907
0.6886674165725708,-0.7501304745674133
0.5842485427856445,-0.7328851222991943
0.6886816024780273,-0.768789529800415
0.5842731595039368,-0.7370110750198364
1.0954124927520752,-0.5511966347694397
1.220200538635254,-0.4212980270385742
0.8184186816215515,-0.7260803580284119
0.8184188008308411,-0.6909130811691284
0.8184186816215515,-0.6800923943519592
0.8184186816215515,-0.6476303339004517
0.8184188008308411,-0.6827975511550903
0.8184186816215515,-0.6286941170692444
0.8184186816215515,-0.6665665507316589
0.8184188008308411,-0.6719768643379211
0.8184186816215515,-0.7747734785079956
0.6310796141624451,-0.8527551293373108
1.1228764057159424,-0.5669461488723755
0.6310796737670898,-0.7617923617362976
1.1228762865066528,-0.46907418966293335
0.6310778856277466,-0.754795253276825
1.122852087020874,-0.5714460015296936
0.6310796141624451,-0.6358439326286316
0.6310796737670898,-0.7617923617362976
1.1228761672973633,-0.4758239686489105
0.6310778856277466,-0.8597522377967834
1.122851848602295,-0.4668242335319519
0.6310892701148987,-0.738468587398529
1.1228828430175781,-0.5455718040466309
0.6310892701148987,-0.705815315246582
1.1228827238082886,-0.5433219075202942
0.6310875415802002,-0.8667494058609009
0.9850667715072632,-0.5561130046844482
0.985046923160553,-0.5822295546531677
0.9850470423698425,-0.5500310659408569
0.9850618243217468,-0.5557552576065063
0.9850420951843262,-0.5847339034080505
0.9850618243217468,-0.5582595467567444
0.9850419759750366,-0.5493155121803284
0.9850420951843262,-0.5836606025695801
0.9105695486068726,-0.6521998047828674
0.910564661026001,-0.5820906162261963
0.910564661026001,-0.5910407304763794
0.9105872511863708,-0.5597153306007385
0.9105823040008545,-0.565682053565979
0.9105823040008545,-0.6104326248168945
0.9105875492095947,-0.5820906162261963
0.9105826020240784,-0.6417579650878906
0.9105826020240784,-0.565682053565979
0.9085829257965088,-0.5971236228942871
0.9085829257965088,-0.6466825008392334
0.9085813164710999,-0.6466825008392334
0.9085813164710999,-0.5896897912025452
0.9085675477981567,-0.6652670502662659
0.9085675477981567,-0.6367707252502441
0.9466686844825745,-0.5850739479064941
0.9466676115989685,-0.5597153306007385
0.9466530084609985,-0.6074492335319519
0.9466315507888794,-0.5701571106910706
0.9466304779052734,-0.6014825105667114
0.9466158747673035,-0.6477247476577759
0.9466318488121033,-0.5597153306007385
0.9466307759284973,-0.6999337077140808
0.9594157934188843,-0.6969503164291382
0.9594447612762451,-0.7044087648391724
0.9594447612762451,-0.6581665277481079
0.9594157934188843,-0.5731405019760132
0.9594447612762451,-0.5820906162261963
0.9594447612762451,-0.6521998047828674
0.9594206809997559,-0.6939669251441956
0.9594496488571167,-0.5746321678161621
0.9594496488571167,-0.595515787601471
1.023142695426941,-0.558975100517273
1.0231244564056396,-0.584018349647522
1.0231244564056396,-0.5507465600967407
1.0231446027755737,-0.5818718075752258
1.023126244544983,-0.5847339034080505
1.023126244544983,-0.5593328475952148
1.0231444835662842,-0.556828498840332
1.023126244544983,-0.5625526905059814
1.023126244544983,-0.5493155121803284
0.9369089603424072,-0.5970074534416199
0.9369089007377625,-0.6432496905326843
1.0993092060089111,-0.5455718040466309
1.0828595161437988,-0.46569928526878357
0.9369436502456665,-0.6014825105667114
1.099323034286499,-0.5489466786384583
0.936904788017273,-0.6029741764068604
1.0993231534957886,-0.5714460015296936
1.0828548669815063,-0.4668242335319519
0.9369047284126282,-0.5940240621566772
1.0993391275405884,-0.574820876121521
1.0828543901443481,-0.4634493589401245
0.936939537525177,-0.5925323963165283
1.0993192195892334,-0.550071656703949
1.0828548669815063,-0.5511966347694397
0.9369048476219177,-0.5850739479064941
1.099319338798523,-0.5545715093612671
1.0828548669815063,-0.5691961050033569
0.936904788017273,-0.5671737790107727
1.0993353128433228,-0.47694894671440125
1.0828543901443481,-0.4668242335319519
0.9369395971298218,-0.5641903877258301
1.1274921894073486,-0.4259105622768402
0.9870011806488037,-0.5496732592582703
0.9870011806488037,-0.5511043071746826
1.1275134086608887,-0.5597794651985168
0.9870011806488037,-0.552535355091095
0.9870007634162903,-0.5596905946731567
0.9870007634162903,-0.5797252655029297
0.9870007634162903,-0.5843761563301086
0.9870004057884216,-0.5825873017311096
1.1275242567062378,-0.5627877712249756
0.9870004057884216,-0.5847339034080505
1.2836779356002808,-0.3818919062614441
1.1275454759597778,-0.45298516750335693
0.9870004057884216,-0.552535355091095
0.7353671789169312,-0.724474310874939
0.7353333830833435,-0.724474310874939
0.7353330850601196,-0.6428410410881042
0.7353672385215759,-0.6545029878616333
0.7353334426879883,-0.7268067002296448
0.7353332042694092,-0.6708295941352844
0.7353627681732178,-0.694153368473053
0.7353289723396301,-0.6358439326286316
0.7353286743164062,-0.8667494058609009
0.7590699791908264,-0.6451734304428101
0.7590699791908264,-0.6405087113380432
0.759070098400116,-0.6918210387229919
0.759056568145752,-0.6661648750305176
0.759056568145752,-0.7268067002296448
0.7590566873550415,-0.6684972047805786
0.7590563893318176,-0.694153368473053
0.7590564489364624,-0.6358439326286316
0.7590565085411072,-0.6475058197975159
0.9400848150253296,-0.5597153306007385
0.9401095509529114,-0.6357912421226501
0.9401094317436218,-0.5999908447265625
0.9400848150253296,-0.595515787601471
0.9401095509529114,-0.5686654448509216
0.9401094317436218,-0.5984991192817688
1.0341984033584595,-0.5514621138572693
1.0341984033584595,-0.5511043071746826
1.0341981649398804,-0.5507465600967407
1.0341981649398804,-0.5829451084136963
1.0342235565185547,-0.5829451084136963
0.78310626745224,-0.6990286111831665
0.7831049561500549,-0.6151682138442993
0.7830843925476074,-0.6936182975769043
0.7831052541732788,-0.6800923943519592
0.7831039428710938,-0.6341044306755066
0.7830833792686462,-0.6286941170692444
0.7831052541732788,-0.6286941170692444
0.7831039428710938,-0.6584510207176208
0.7830833792686462,-0.7639527916908264
0.7405725717544556,-0.6358439326286316
0.7405725121498108,-0.6894886493682861
0.7405690550804138,-0.694153368473053
1.165691614151001,-0.46351417899131775
0.7405697703361511,-0.6428410410881042
0.7405697107315063,-0.694153368473053
0.7405662536621094,-0.6871562600135803
1.165691614151001,-0.45749759674072266
0.7405697703361511,-0.7268067002296448
0.7405697107315063,-0.7268067002296448
1.1657122373580933,-0.4785556197166443
0.7405662536621094,-0.6871562600135803
0.8030396699905396,-0.6368096470832825
0.8030557036399841,-0.6043475270271301
0.8030555844306946,-0.6232837438583374
0.8030396699905396,-0.7612476348876953
0.8030557036399841,-0.6909130811691284
0.8030555844306946,-0.7828890085220337
0.8030213713645935,-0.6449251174926758
0.8030374050140381,-0.7152596712112427
0.8030372858047485,-0.6638613343238831
1.152053952217102,-0.4274146854877472
1.1520538330078125,-0.459001749753952
1.1520143747329712,-0.4259105622768402
1.152053952217102,-0.45749759674072266
1.1520143747329712,-0.4725390374660492
1.1384960412979126,-0.573316752910614
1.1384961605072021,-0.5703084468841553
1.2175837755203247,-0.4212980270385742
0.63359135389328,-0.694153368473053
0.6335911750793457,-0.757127583026886
0.6335997581481934,-0.724474310874939
0.63359135389328,-0.6475058197975159
0.6335911750793457,-0.8597522377967834
0.6335996985435486,-0.705815315246582
0.6335927248001099,-0.738468587398529
0.6335924863815308,-0.850422739982605
0.6336010694503784,-0.6521705985069275
1.1625531911849976,-0.4620100259780884
1.1625531911849976,-0.45148101449012756
1.1625306606292725,-0.460505872964859
1.1625306606292725,-0.45749759674072266
0.8759304285049438,-0.651638388633728
0.8759259581565857,-0.6404876112937927
0.8759259581565857,-0.6578332185745239
0.8759304285049438,-0.6442045569419861
0.8759259581565857,-0.650399386882782
0.8759259581565857,-0.6380096673965454
0.8759300112724304,-0.6541163325309753
0.8759255409240723,-0.5983625650405884
0.8759255409240723,-0.5884507894515991
0.971723735332489,-0.5850739479064941
0.971723735332489,-0.6447413563728333
0.9717527031898499,-0.6432496905326843
1.113606333732605,-0.46457430720329285
0.971723735332489,-0.5820906162261963
1.113606333732605,-0.5703210234642029
0.971723735332489,-0.7059004306793213
0.9717527031898499,-0.595515787601471
1.1135495901107788,-0.5658211708068848
0.9717169404029846,-0.5746321678161621
0.9717169404029846,-0.6477247476577759
1.1135544776916504,-0.46907418966293335
0.9717459082603455,-0.5984991192817688
1.1328434944152832,-0.574820876121521
1.1328434944152832,-0.43042299151420593
1.1328433752059937,-0.4620100259780884
1.1328433752059937,-0.5657960176467896
1.1328787803649902,-0.4259105622768402
1.1328787803649902,-0.5703084468841553
1.1006600856781006,-0.4758239686489105
1.1006598472595215,-0.574820876121521
1.10059654712677,-0.5523216128349304
1.1006602048873901,-0.5568214654922485
1.1006650924682617,-0.550071656703949
1.1006648540496826,-0.5444468259811401
1.1006015539169312,-0.5455718040466309
0.9048892259597778,-0.5971236228942871
0.9048893451690674,-0.6912854909896851
0.9049038887023926,-0.6491604447364807
0.9048892259597778,-0.706153154373169
0.9048893451690674,-0.6057963967323303
0.9049038887023926,-0.5921677350997925
0.9110339879989624,-0.6029741764068604
0.9110349416732788,-0.6999337077140808
0.9109988212585449,-0.5641903877258301
0.9110339879989624,-0.5970074534416199
0.9110349416732788,-0.6447413563728333
0.9109988212585449,-0.565682053565979
1.008739948272705,-0.558975100517273
1.008711338043213,-0.5582595467567444
1.0087112188339233,-0.5621949434280396
1.008716106414795,-0.5511043071746826
1.0086874961853027,-0.5586172938346863
1.0086873769760132,-0.5833028554916382
1.0087162256240845,-0.5600483417510986
1.0086874961853027,-0.5579017996788025
1.0086874961853027,-0.5847339034080505
1.24235200881958,-0.38493219017982483
1.242355465888977,-0.4560108780860901
0.620415449142456,-0.7477980852127075
0.6204153299331665,-0.7268067002296448
0.620415449142456,-0.7454656958580017
0.6204153895378113,-0.7851161360740662
0.620415210723877,-0.7338038086891174
0.6204153895378113,-0.7524628639221191
0.6204116344451904,-0.7711218595504761
0.6204114556312561,-0.7617923617362976
0.6204116344451904,-0.6964857578277588
1.2837210893630981,-0.4079322814941406
0.8431071043014526,-0.7073920965194702
0.8431071043014526,-0.6057963967323303
1.160817265510559,-0.4620100259780884
0.8431071043014526,-0.651638388633728
1.1608234643936157,-0.4274146854877472
0.8431071043014526,-0.5884507894515991
1.1608234643936157,-0.573316752910614
0.8431068062782288,-0.6380096673965454
1.1607980728149414,-0.4620100259780884
0.8431068062782288,-0.6404876112937927
1.1277799606323242,-0.43493542075157166
0.9814698696136475,-0.6387746334075928
1.127763032913208,-0.45148101449012756
0.9814696907997131,-0.5910407304763794
1.1277799606323242,-0.46953076124191284
0.9814698696136475,-0.6029741764068604
0.9814696311950684,-0.5626987218856812
1.12773859500885,-0.5627877712249756
0.9814698696136475,-0.7014253735542297
1.12773859500885,-0.43042299151420593
0.9814696907997131,-0.6521998047828674
1.1360795497894287,-0.44696858525276184
1.136123538017273,-0.5673002004623413
1.1361198425292969,-0.574820876121521
1.1360771656036377,-0.571812629699707
1.1360771656036377,-0.4665224552154541
0.9215279817581177,-0.6521998047828674
0.9215019345283508,-0.595515787601471
0.9215016961097717,-0.6447413563728333
0.9215468168258667,-0.6551831364631653
0.9215207695960999,-0.5895490050315857
0.9215205907821655,-0.5865656733512878
0.9215469360351562,-0.5850739479064941
0.9215208888053894,-0.6014825105667114
0.9215207099914551,-0.595515787601471
0.7821513414382935,-0.6395148038864136
0.7821690440177917,-0.807235598564148
0.7821692228317261,-0.7044389843940735
0.782156229019165,-0.6449251174926758
0.7821739315986633,-0.6909130811691284
0.7821741700172424,-0.8640442490577698
0.7821561694145203,-0.6422199606895447
0.7821738719940186,-0.6070526838302612
0.7821741104125977,-0.6909130811691284
0.7883402109146118,-0.7991200685501099
0.7883367538452148,-0.7098492980003357
0.7883367538452148,-0.6449251174926758
0.7883414030075073,-0.6313992738723755
0.7883379459381104,-0.5989372134208679
1.233176827430725,-0.3890646696090698
0.7883379459381104,-0.8667494058609009
0.7883402109146118,-0.7666579484939575
0.7883367538452148,-0.7179648280143738
0.7883367538452148,-0.6584510207176208
1.2292561531066895,-0.38493219017982483
0.7435415387153625,-0.6731619834899902
0.7435173988342285,-0.7431333661079407
0.7435174584388733,-0.7174772024154663
0.7435416579246521,-0.768789529800415
0.7435175776481628,-0.7081476449966431
0.7435176372528076,-0.7617923617362976
0.7435415387153625,-0.6498382091522217
0.7435173988342285,-0.7104800343513489
0.7435174584388733,-0.8644170165061951
0.9005593061447144,-0.5946456789970398
0.9005561470985413,-0.6553552746772766
0.9005593061447144,-0.5958846211433411
0.9005593061447144,-0.6479214429855347
0.9005560874938965,-0.6417266130447388
0.9005593061447144,-0.6070353984832764
0.9005568027496338,-0.6615501642227173
0.9005536437034607,-0.7036752104759216
0.9005568027496338,-0.6380096673965454
0.8706788420677185,-0.64296555519104
0.8706789612770081,-0.5909287333488464
0.8706850409507751,-0.5934066772460938
1.1629523038864136,-0.4334312677383423
0.870710015296936,-0.6442045569419861
0.8707101941108704,-0.7024362087249756
1.1629385948181152,-0.460505872964859
0.8707162737846375,-0.6479214429855347
0.870710015296936,-0.6380096673965454
0.8707101941108704,-0.6466825008392334
0.8707162737846375,-0.5884507894515991
1.1629517078399658,-0.44095200300216675
1.124955415725708,-0.5691961050033569
1.124955415725708,-0.46457430720329285
1.1249523162841797,-0.5410719513893127
1.1249552965164185,-0.4679492115974426
1.1249552965164185,-0.4679492115974426
1.1249521970748901,-0.47694894671440125
1.1249297857284546,-0.5534465909004211
1.1249297857284546,-0.5680711269378662
1.1249266862869263,-0.4713241159915924
0.7421844005584717,-0.7967780232429504
0.7421963214874268,-0.754795253276825
0.7421963214874268,-0.6591677069664001
0.742184042930603,-0.7081476449966431
0.7421959638595581,-0.7128124237060547
0.7421959638595581,-0.7641247510910034
0.7422130703926086,-0.8527551293373108
0.7422250509262085,-0.738468587398529
0.7422250509262085,-0.7664571404457092
0.779295802116394,-0.8586338758468628
0.7793011665344238,-0.7044389843940735
0.7793011665344238,-0.6097579002380371
0.7792960405349731,-0.6963234543800354
0.7793014049530029,-0.6313992738723755
0.7793014049530029,-0.7125545144081116
0.7792906165122986,-0.6530406475067139
0.7792959809303284,-0.6232837438583374
0.7792959809303284,-0.6909130811691284
1.1967804431915283,-0.4710349142551422
0.5992798209190369,-0.7546400427818298
0.5992797017097473,-0.737386167049408
0.599254846572876,-0.740761935710907
0.5992793440818787,-0.7257585525512695
0.5992792248725891,-0.7426373362541199
0.5992543697357178,-0.7523895502090454
0.5992798209190369,-0.7542649507522583
0.5992797017097473,-0.7557652592658997
0.599254846572876,-0.7340103983879089
0.9836563467979431,-0.5511043071746826
0.9836561679840088,-0.5836606025695801
0.9836623668670654,-0.5847339034080505
0.9836530089378357,-0.5586172938346863
0.9836528301239014,-0.5600483417510986
0.983659029006958,-0.5593328475952148
0.9836530685424805,-0.5825873017311096
0.9836529493331909,-0.584018349647522
0.9836591482162476,-0.5593328475952148
0.6786218881607056,-0.705815315246582
0.6786218881607056,-0.7011505365371704
0.6785866618156433,-0.7454656958580017
0.6786218881607056,-0.7454656958580017
0.6786218881607056,-0.7268067002296448
0.6785866618156433,-0.7011505365371704
0.6786218881607056,-0.7781190276145935
0.6786218881607056,-0.7011505365371704
0.6785866618156433,-0.7221419215202332
1.2131649255752563,-0.42047154903411865
1.3401187658309937,-0.4063379764556885
1.097434639930725,-0.46907418966293335
1.097434639930725,-0.5624462962150574
1.097425937652588,-0.5590713620185852
1.0974348783493042,-0.5478217601776123
1.097426176071167,-0.5725709795951843
1.0974544286727905,-0.5421969294548035
1.2122753858566284,-0.4634493589401245
0.8511468172073364,-0.5859728455543518
0.851168692111969,-0.5884507894515991
0.851168692111969,-0.7024362087249756
0.8511416912078857,-0.6962413787841797
0.8511635661125183,-0.5934066772460938
0.8511635661125183,-0.6057963967323303
0.8511416912078857,-0.5884507894515991
0.8511635661125183,-0.6070353984832764
0.8511635661125183,-0.5859728455543518
0.9767504334449768,-0.6551831364631653
0.9767511487007141,-0.5805989503860474
0.9767504334449768,-0.5940240621566772
0.9767506718635559,-0.5865656733512878
0.9767513871192932,-0.6492164134979248
0.9767506718635559,-0.605957567691803
0.9767240285873413,-0.6014825105667114
0.9767246842384338,-0.6969503164291382
0.9767240285873413,-0.5731405019760132
1.0021288394927979,-0.5600483417510986
1.0302218198776245,-0.5600483417510986
1.0021288394927979,-0.561479389667511
1.0302218198776245,-0.5511043071746826
1.0021287202835083,-0.5596905946731567
1.030212640762329,-0.5600483417510986
1.0021295547485352,-0.5604061484336853
1.0302178859710693,-0.5646992325782776
1.0021295547485352,-0.5843761563301086
1.0302178859710693,-0.552535355091095
1.002129316329956,-0.5596905946731567
1.0302085876464844,-0.5604061484336853
1.0021288394927979,-0.5611216425895691
1.0302218198776245,-0.5496732592582703
1.0021288394927979,-0.5582595467567444
1.0302218198776245,-0.5843761563301086
1.0021287202835083,-0.5825873017311096
1.030212640762329,-0.5847339034080505
0.7909122109413147,-0.7666579484939575
0.9499046802520752,-0.5835822820663452
0.7909268140792847,-0.6882079243659973
0.9498797059059143,-0.5641903877258301
0.7909268140792847,-0.7314907312393188
0.9498797059059143,-0.5999908447265625
0.7909108996391296,-0.7071441411972046
0.9499033093452454,-0.7073920965194702
0.7909255027770996,-0.6530406475067139
0.9498783946037292,-0.6104326248168945
0.7909255027770996,-0.7071441411972046
0.9498783946037292,-0.6372829675674438
0.7909122109413147,-0.6232837438583374
0.9499046802520752,-0.604465901851654
0.7909268140792847,-0.6259889006614685
0.9498797059059143,-0.6551831364631653
0.7909268140792847,-0.6341044306755066
0.9498797059059143,-0.6551831364631653
0.6188158392906189,-0.7921133041381836
0.6188158392906189,-0.7477980852127075
0.6188414096832275,-0.7641247510910034
0.6188161969184875,-0.6381763219833374
0.6188161969184875,-0.7314714789390564
0.6188417673110962,-0.7617923617362976
1.2651987075805664,-0.42295101284980774
0.6188158392906189,-0.768789529800415
0.6188158392906189,-0.7431333661079407
1.2548534870147705,-0.38493219017982483
0.6188414096832275,-0.7524628639221191
1.2652000188827515,-0.45683738589286804
0.8941473364830017,-0.7049141526222229
0.8941477537155151,-0.6553552746772766
0.8941725492477417,-0.6615501642227173
0.8941473364830017,-0.6491604447364807
0.8941477537155151,-0.651638388633728
0.8941725492477417,-0.6082743406295776
0.8941510915756226,-0.7073920965194702
0.8941514492034912,-0.6479214429855347
0.8941763043403625,-0.651638388633728
0.9193472862243652,-0.6611499190330505
0.9193612933158875,-0.6402662992477417
0.9193611741065979,-0.605957567691803
0.9193445444107056,-0.565682053565979
0.9193586111068726,-0.595515787601471
0.919358491897583,-0.6536914706230164
0.9193444848060608,-0.5835822820663452
0.919358491897583,-0.5835822820663452
0.9193584322929382,-0.5820906162261963
1.017125129699707,-0.5500310659408569
1.0171490907669067,-0.5607638955116272
1.0171489715576172,-0.5496732592582703
1.0170905590057373,-0.5503888130187988
1.017114520072937,-0.561479389667511
1.0171144008636475,-0.5579017996788025
1.0170907974243164,-0.5500310659408569
1.0171147584915161,-0.5629104375839233
1.0171146392822266,-0.554324209690094
1.0064418315887451,-0.5600483417510986
1.0064480304718018,-0.5496732592582703
1.0064480304718018,-0.5596905946731567
1.0064610242843628,-0.5625526905059814
1.0064672231674194,-0.5822295546531677
1.0064672231674194,-0.5575440526008606
1.0064610242843628,-0.5822295546531677
1.0064672231674194,-0.561479389667511
1.0064672231674194,-0.5600483417510986
0.884520947933197,-0.6367707252502441
0.8845150470733643,-0.604557454586029
0.8845150470733643,-0.5859728455543518
0.8844954371452332,-0.6442045569419861
0.8844895362854004,-0.6950023770332336
0.8844895362854004,-0.603318452835083
0.8844954371452332,-0.6417266130447388
0.8844895362854004,-0.7049141526222229
0.8844895362854004,-0.5896897912025452
0.8620622754096985,-0.651638388633728
0.8620622754096985,-0.603318452835083
0.8620728850364685,-0.5909287333488464
1.0455368757247925,-0.5829451084136963
0.8620585799217224,-0.5909287333488464
1.045536756515503,-0.5503888130187988
0.8620585799217224,-0.6008405089378357
1.0455085039138794,-0.5579017996788025
0.8620691895484924,-0.6491604447364807
1.0455368757247925,-0.5500310659408569
0.8620585799217224,-0.5958846211433411
1.045536756515503,-0.5575440526008606
0.8620585799217224,-0.5884507894515991
1.0455085039138794,-0.5847339034080505
0.8620691895484924,-0.7049141526222229
0.8233731985092163,-0.6368096470832825
0.8233513832092285,-0.7125545144081116
0.8233513832092285,-0.7152596712112427
0.8233729600906372,-0.6800923943519592
0.8233512043952942,-0.7450165748596191
0.8233512043952942,-0.6882079243659973
0.8233731985092163,-0.7612476348876953
0.8233513832092285,-0.7152596712112427
0.8233513832092285,-0.6638613343238831
0.6445696949958801,-0.6358439326286316
0.6445800065994263,-0.6778267621994019
0.6445799469947815,-0.7431333661079407
0.644568145275116,-0.7104800343513489
0.6445784568786621,-0.754795253276825
0.6445783972740173,-0.738468587398529
0.6445680856704712,-0.7664571404457092
0.6445783972740173,-0.7361361980438232
0.6445783376693726,-0.6778267621994019
1.132019281387329,-0.5703084468841553
1.1320092678070068,-0.574820876121521
1.1161493062973022,-0.4679492115974426
1.132025122642517,-0.42891883850097656
1.116142988204956,-0.46569928526878357
1.1161422729492188,-0.5466967821121216
1.1161422729492188,-0.5545715093612671
1.116142988204956,-0.5703210234642029
1.1320152282714844,-0.42891883850097656
1.1161422729492188,-0.5444468259811401
1.132015347480774,-0.47404319047927856
1.1161422729492188,-0.573695957660675
0.8296982049942017,-0.6476303339004517
0.8296964168548584,-0.6855027675628662
0.8297060132026672,-0.7044389843940735
0.8296983242034912,-0.7693631649017334
0.8296965956687927,-0.6313992738723755
0.8297061324119568,-0.6476303339004517
0.8296802639961243,-0.8532235026359558
0.829678475856781,-0.6530406475067139
0.8296880722045898,-0.7720683217048645
0.9910498261451721,-0.5514621138572693
0.9910244941711426,-0.5593328475952148
0.9910244941711426,-0.5847339034080505
0.9910911917686462,-0.5825873017311096
0.9910658597946167,-0.5836606025695801
0.9910658597946167,-0.5596905946731567
0.991087019443512,-0.5836606025695801
0.9910617470741272,-0.5596905946731567
0.9910617470741272,-0.5596905946731567
1.115296721458435,-0.4679492115974426
1.1152966022491455,-0.573695957660675
1.1152966022491455,-0.5680711269378662
1.1152819395065308,-0.46569928526878357
1.1152784824371338,-0.5624462962150574
1.0259705781936646,-0.5500310659408569
1.02596116065979,-0.5496732592582703
1.0259757041931152,-0.5579017996788025
1.0259665250778198,-0.5815140604972839
1.0259662866592407,-0.561479389667511
1.025974154472351,-0.5629104375839233
1.0259649753570557,-0.5836606025695801
1.0259647369384766,-0.5618371963500977
1.3065097332000732,-0.38215765357017517
1.0224958658218384,-0.5818718075752258
1.0224961042404175,-0.552535355091095
1.0224955081939697,-0.5511043071746826
1.0224958658218384,-0.5847339034080505
1.0224961042404175,-0.5636259913444519
1.0224955081939697,-0.5836606025695801
0.8997665047645569,-0.5872118473052979
1.0838083028793335,-0.5703210234642029
0.8997788429260254,-0.5996015667915344
1.0838274955749512,-0.5714460015296936
0.8997787237167358,-0.7036752104759216
1.083827257156372,-0.5466967821121216
0.8997765779495239,-0.6627891063690186
1.0837942361831665,-0.573695957660675
0.8997888565063477,-0.6404876112937927
1.0838134288787842,-0.5556964874267578
0.8997887969017029,-0.706153154373169
1.2546075582504272,-0.4295629858970642
1.083813190460205,-0.5444468259811401
0.8997761011123657,-0.5946456789970398
0.8997884392738342,-0.5921677350997925
1.0838136672973633,-0.47357404232025146
0.8997883200645447,-0.6454434990882874
1.0838133096694946,-0.539946973323822
0.7194748520851135,-0.7361361980438232
0.7194498181343079,-0.6475058197975159
0.7194499969482422,-0.6824914813041687
0.7194903492927551,-0.768789529800415
0.7194653153419495,-0.8644170165061951
0.7194654941558838,-0.7291390895843506
0.7194902300834656,-0.6824914813041687
0.7194651961326599,-0.7291390895843506
0.719465434551239,-0.738468587398529
1.1092076301574707,-0.5601963400840759
1.1092075109481812,-0.5444468259811401
1.109211802482605,-0.5523216128349304
1.109243631362915,-0.5455718040466309
1.1092435121536255,-0.5725709795951843
1.109243631362915,-0.5568214654922485
1.1092435121536255,-0.5466967821121216
1.1092478036880493,-0.4668242335319519
0.5540186166763306,-0.740761935710907
0.5540187358856201,-0.7437626123428345
0.5540153384208679,-0.7565154433250427
0.5540186166763306,-0.7546400427818298
0.5540187358856201,-0.7396366596221924
0.5540153384208679,-0.7385113835334778
0.5540122985839844,-0.731384813785553
0.5540124177932739,-0.7538898587226868
0.5540090203285217,-0.7583909034729004
1.0678240060806274,-0.4668242335319519
1.0678077936172485,-0.47244906425476074
1.0678236484527588,-0.4634493589401245
1.0678077936172485,-0.4701991379261017
1.059186339378357,-0.5714460015296936
1.0591883659362793,-0.5703210234642029
1.0591883659362793,-0.5725709795951843
1.0590893030166626,-0.573695957660675
1.059091329574585,-0.5478217601776123
1.059091329574585,-0.5466967821121216
1.0590893030166626,-0.5714460015296936
1.059091329574585,-0.4780738949775696
1.059091329574585,-0.550071656703949
0.5824837684631348,-0.7516393661499023
0.5824828743934631,-0.7572656273841858
0.5824828743934631,-0.7400117516517639
0.5824834704399109,-0.7527646422386169
0.5824825763702393,-0.732134997844696
0.5824825763702393,-0.740761935710907
0.5824837684631348,-0.7377612590789795
0.5824828743934631,-0.7576407194137573
0.5824828743934631,-0.7340103983879089
0.7034205794334412,-0.7594599723815918
0.7034251093864441,-0.705815315246582
0.7034250497817993,-0.7711218595504761
0.7034739851951599,-0.6358439326286316
0.7034785747528076,-0.7664571404457092
0.7034785151481628,-0.661500096321106
0.7034741640090942,-0.7664571404457092
0.7034786939620972,-0.6871562600135803
0.7034786343574524,-0.6661648750305176
0.7272437214851379,-0.7314714789390564
0.7272438406944275,-0.6591677069664001
0.7272279262542725,-0.6848238706588745
0.7272441387176514,-0.8527551293373108
0.7272442579269409,-0.757127583026886
0.7272283434867859,-0.6498382091522217
0.7272437214851379,-0.8620846271514893
0.7272438406944275,-0.6824914813041687
0.7272279262542725,-0.7664571404457092
1.0124977827072144,-0.5511043071746826
1.0124976634979248,-0.5607638955116272
1.0124984979629517,-0.5843761563301086
1.012498378753662,-0.5582595467567444
1.0125274658203125,-0.5833028554916382
1.012467384338379,-0.5636259913444519
1.0124672651290894,-0.5500310659408569
1.378363013267517,-0.4079322814941406
1.185882568359375,-0.4259105622768402
1.1858875751495361,-0.4559934437274933
1.185916781425476,-0.4665224552154541
0.9258873462677002,-0.6909835934638977
0.925886869430542,-0.6402662992477417
0.925886869430542,-0.6507080793380737
0.9258873462677002,-0.6999337077140808
0.925886869430542,-0.6298245191574097
0.925886869430542,-0.6581665277481079
1.0299886465072632,-0.5600483417510986
1.0299886465072632,-0.5825873017311096
1.0299859046936035,-0.5586172938346863
1.0299859046936035,-0.5596905946731567
1.0299859046936035,-0.561479389667511
0.6346052289009094,-0.7594599723815918
0.6346055865287781,-0.7734542489051819
0.6346052289009094,-0.7617923617362976
0.6346052289009094,-0.7128124237060547
0.6346055865287781,-0.7594599723815918
0.6346052289009094,-0.7641247510910034
0.6346069574356079,-0.7641247510910034
0.6346073150634766,-0.738468587398529
0.6346069574356079,-0.7501304745674133
0.6722620725631714,-0.6848238706588745
0.6722638607025146,-0.7781190276145935
1.2011319398880005,-0.4312160015106201
0.6722620725631714,-0.6475058197975159
0.6722620725631714,-0.7338038086891174
0.6722638607025146,-0.6684972047805786
1.20113205909729,-0.42873650789260864
0.6722620725631714,-0.7291390895843506
0.6722559928894043,-0.7431333661079407
0.6722577810287476,-0.7431333661079407
0.6722559928894043,-0.7431333661079407
1.1499452590942383,-0.4559934437274933
1.149945616722107,-0.571812629699707
1.149925708770752,-0.5703084468841553
1.1499300003051758,-0.574820876121521
1.1499302387237549,-0.43493542075157166
0.9748373627662659,-0.5597153306007385
0.9748166799545288,-0.5865656733512878
0.9748166799545288,-0.5746321678161621
0.9748373627662659,-0.5671737790107727
0.9748166799545288,-0.6551831364631653
0.9748166799545288,-0.7044087648391724
0.974823534488678,-0.605957567691803
0.9748028516769409,-0.6328079104423523
0.9748028516769409,-0.6119242906570435
0.8234602808952332,-0.7747734785079956
0.8234605193138123,-0.7666579484939575
0.8234770894050598,-0.66927170753479
0.8234611749649048,-0.7125545144081116
0.8234613537788391,-0.7747734785079956
0.8234779834747314,-0.8640442490577698
0.8234602808952332,-0.7152596712112427
0.8234605193138123,-0.7747734785079956
0.8234770894050598,-0.7098492980003357
0.9747631549835205,-0.6596581935882568
0.9747631549835205,-0.5984991192817688
0.9747381806373596,-0.6656249165534973
0.9747637510299683,-0.5925323963165283
0.9747637510299683,-0.6611499190330505
0.9747387766838074,-0.6313161849975586
0.9747631549835205,-0.6432496905326843
0.9747631549835205,-0.5716488361358643
0.9747381806373596,-0.6029741764068604
1.1072568893432617,-0.46457430720329285
1.1072568893432617,-0.5691961050033569
1.107256293296814,-0.47357404232025146
1.107256293296814,-0.4634493589401245
1.107256293296814,-0.47244906425476074
1.1072568893432617,-0.46569928526878357
1.1072568893432617,-0.5376970767974854
1.1072568893432617,-0.550071656703949
1.158119559288025,-0.46802660822868347
1.1581029891967773,-0.5673002004623413
1.158103108406067,-0.45148101449012756
1.0575261116027832,-0.5478217601776123
1.0575202703475952,-0.573695957660675
1.0575203895568848,-0.4746989905834198
1.0575261116027832,-0.5455718040466309
1.0575202703475952,-0.5478217601776123
1.0575203895568848,-0.5624462962150574
1.0575261116027832,-0.4679492115974426
1.0575202703475952,-0.5410719513893127
1.1263421773910522,-0.5511966347694397
1.12636137008667,-0.5466967821121216
1.1263421773910522,-0.46457430720329285
1.12636137008667,-0.573695957660675
1.12636137008667,-0.5511966347694397
0.8598589301109314,-0.6565942764282227
0.8598521947860718,-0.5996015667915344
0.8598589301109314,-0.7011972665786743
0.8598588109016418,-0.6070353984832764
0.8598520159721375,-0.5921677350997925
0.8598588109016418,-0.7049141526222229
0.8598589301109314,-0.5934066772460938
0.8598521947860718,-0.7073920965194702
0.8598589301109314,-0.7011972665786743
1.0741286277770996,-0.5658211708068848
1.0741443634033203,-0.5478217601776123
1.0741442441940308,-0.4668242335319519
1.0741362571716309,-0.46569928526878357
1.0741519927978516,-0.550071656703949
1.0741517543792725,-0.5489466786384583
1.0741519927978516,-0.564696192741394
1.0741517543792725,-0.574820876121521
1.059279441833496,-0.5444468259811401
1.059279441833496,-0.5680711269378662
1.0592761039733887,-0.46457430720329285
1.0592385530471802,-0.46457430720329285
1.0592385530471802,-0.4701991379261017
1.0592352151870728,-0.5455718040466309
1.0592432022094727,-0.573695957660675
1.0592432022094727,-0.5388219952583313
1.0592397451400757,-0.46457430720329285
0.8785059452056885,-0.6404876112937927
0.9791648387908936,-0.5910407304763794
0.8785060048103333,-0.7073920965194702
0.9791629314422607,-0.7029170393943787
0.8785059452056885,-0.6479214429855347
0.9791648387908936,-0.6626415848731995
0.8785062432289124,-0.5872118473052979
0.9791648387908936,-0.6521998047828674
0.8785063624382019,-0.5971236228942871
0.979162871837616,-0.6074492335319519
0.8785062432289124,-0.706153154373169
0.9791648387908936,-0.626841127872467
0.8785063624382019,-0.5983625650405884
0.9791566729545593,-0.6521998047828674
0.8785064816474915,-0.5971236228942871
0.9791547060012817,-0.6999337077140808
0.8785063624382019,-0.6541163325309753
0.9791566729545593,-0.6521998047828674
1.0706846714019775,-0.5523216128349304
1.0386072397232056,-0.5847339034080505
1.070684552192688,-0.5568214654922485
1.0386072397232056,-0.5596905946731567
1.0706275701522827,-0.5590713620185852
1.0386080741882324,-0.5582595467567444
1.0706846714019775,-0.573695957660675
1.0386133193969727,-0.5604061484336853
1.070684552192688,-0.574820876121521
1.0386133193969727,-0.5604061484336853
1.0706275701522827,-0.5613213181495667
1.0386141538619995,-0.5493155121803284
1.0386072397232056,-0.5496732592582703
1.070684552192688,-0.5410719513893127
1.0386072397232056,-0.561479389667511
1.0706275701522827,-0.5691961050033569
1.0386080741882324,-0.5500310659408569
1.2391917705535889,-0.4551844000816345
0.9845917820930481,-0.5507465600967407
0.9845917820930481,-0.5500310659408569
0.9845811724662781,-0.5593328475952148
0.9845932722091675,-0.5625526905059814
0.9845932722091675,-0.5571862459182739
0.9845826625823975,-0.5829451084136963
0.9845917820930481,-0.558975100517273
0.9845917820930481,-0.5833028554916382
0.9845811724662781,-0.5607638955116272
1.0428980588912964,-0.5514621138572693
1.0428954362869263,-0.5593328475952148
1.0428980588912964,-0.5607638955116272
1.0428954362869263,-0.5550397038459778
1.0428980588912964,-0.584018349647522
1.0428979396820068,-0.558975100517273
1.0428953170776367,-0.5843761563301086
1.0428979396820068,-0.5604061484336853
0.7297478318214417,-0.6778267621994019
0.7297558784484863,-0.6358439326286316
0.7297558784484863,-0.7198095321655273
0.7297434210777283,-0.7104800343513489
0.729751467704773,-0.6381763219833374
0.729751467704773,-0.7174772024154663
0.7297478318214417,-0.7128124237060547
0.7297558784484863,-0.7804514169692993
0.7297558784484863,-0.8620846271514893
0.9800280928611755,-0.7059004306793213
0.980084240436554,-0.7044087648391724
0.9800846576690674,-0.5984991192817688
0.9800290465354919,-0.5984991192817688
0.9800851345062256,-0.6969503164291382
0.9800856113433838,-0.6432496905326843
0.9800280928611755,-0.6447413563728333
0.980084240436554,-0.6238577961921692
0.9800846576690674,-0.5835822820663452
1.3602007627487183,-0.4079322814941406
1.0566376447677612,-0.4634493589401245
1.0566376447677612,-0.5444468259811401
1.0566376447677612,-0.5703210234642029
1.0566376447677612,-0.5579464435577393
1.0566376447677612,-0.4701991379261017
0.8280141949653625,-0.6395148038864136
0.8280141949653625,-0.6395148038864136
0.82801353931427,-0.6990286111831665
0.8280141949653625,-0.8559287190437317
0.8280141949653625,-0.7639527916908264
0.82801353931427,-0.8667494058609009
0.8280068635940552,-0.6936182975769043
0.8280068635940552,-0.7693631649017334
0.8280062079429626,-0.6449251174926758
0.964073657989502,-0.6939669251441956
0.8808859586715698,-0.5896897912025452
0.9640853404998779,-0.5791072249412537
0.8808686137199402,-0.5971236228942871
0.9640853404998779,-0.6954586505889893
0.8808686137199402,-0.6417266130447388
0.9640768766403198,-0.5597153306007385
0.8808833360671997,-0.6020795106887817
0.9640885591506958,-0.5671737790107727
0.8808659911155701,-0.6020795106887817
0.9640885591506958,-0.5925323963165283
0.8808659911155701,-0.7073920965194702
0.9640434384346008,-0.7044087648391724
0.8808859586715698,-0.6578332185745239
0.9640551209449768,-0.7059004306793213
0.8808686137199402,-0.6528773307800293
0.9640551209449768,-0.605957567691803
0.8808686137199402,-0.6491604447364807
1.1792783737182617,-0.574820876121521
1.1792722940444946,-0.5642918944358826
1.12916898727417,-0.5703084468841553
1.1291691064834595,-0.4559934437274933
1.1291688680648804,-0.5597794651985168
1.12916898727417,-0.5688043236732483
1.0546326637268066,-0.5466967821121216
1.054632544517517,-0.5523216128349304
1.05462646484375,-0.550071656703949
1.054626226425171,-0.5511966347694397
1.05462646484375,-0.5703210234642029
1.054626226425171,-0.574820876121521
1.102291226387024,-0.5410719513893127
1.10228431224823,-0.4668242335319519
1.1022844314575195,-0.5478217601776123
1.10228431224823,-0.5455718040466309
0.9826248288154602,-0.5843761563301086
0.9826248288154602,-0.5586172938346863
0.9825953841209412,-0.5575440526008606
0.982624888420105,-0.5579017996788025
0.982624888420105,-0.5586172938346863
0.9825954437255859,-0.5618371963500977
0.9826250672340393,-0.5500310659408569
0.9826250672340393,-0.5629104375839233
0.9825956225395203,-0.5847339034080505
0.6947872042655945,-0.6871562600135803
1.0341529846191406,-0.5818718075752258
0.6947870254516602,-0.6545029878616333
1.0341531038284302,-0.5586172938346863
0.6948304176330566,-0.6498382091522217
1.0341529846191406,-0.5607638955116272
0.6947872042655945,-0.6428410410881042
1.0341531038284302,-0.5829451084136963
0.6947870254516602,-0.6988181471824646
1.0341532230377197,-0.5833028554916382
0.6948304176330566,-0.6568353176116943
1.0341531038284302,-0.5500310659408569
0.6947959065437317,-0.7757866382598877
1.034152626991272,-0.5825873017311096
0.6947957277297974,-0.6964857578277588
1.0341527462005615,-0.5604061484336853
0.6948391199111938,-0.7128124237060547
1.034152626991272,-0.584018349647522
1.1819547414779663,-0.4319271445274353
1.1819552183151245,-0.42891883850097656
1.1819459199905396,-0.574820876121521
1.1728920936584473,-0.573316752910614
1.1819555759429932,-0.44546443223953247
1.1819462776184082,-0.4620100259780884
1.2505067586898804,-0.4634493589401245
0.9489360451698303,-0.6477247476577759
0.9489362239837646,-0.5820906162261963
0.9489358067512512,-0.6462330222129822
0.9489359259605408,-0.5925323963165283
0.9489718675613403,-0.5597153306007385
0.9489720463752747,-0.5701571106910706
1.2740681171417236,-0.4079322814941406
1.0608289241790771,-0.5590713620185852
1.0608289241790771,-0.47244906425476074
1.0608294010162354,-0.5511966347694397
1.0608291625976562,-0.5455718040466309
1.0608290433883667,-0.5545715093612671
1.060829520225525,-0.46457430720329285
1.060846209526062,-0.46457430720329285
1.0608465671539307,-0.5579464435577393
1.0644820928573608,-0.573695957660675
1.0644819736480713,-0.5545715093612671
1.0644822120666504,-0.46569928526878357
1.0644820928573608,-0.550071656703949
1.0644819736480713,-0.5489466786384583
0.9892023801803589,-0.5618371963500977
0.9892023801803589,-0.5825873017311096
0.9891952276229858,-0.5493155121803284
0.9892023801803589,-0.5511043071746826
0.9891952276229858,-0.5600483417510986
0.7444956302642822,-0.7501304745674133
0.7444956302642822,-0.6405087113380432
0.7444969415664673,-0.6801591515541077
0.7444953322410583,-0.6894886493682861
0.7444953322410583,-0.8480903506278992
0.7444966435432434,-0.7268067002296448
0.7444956302642822,-0.7268067002296448
0.7444956302642822,-0.768789529800415
0.7444969415664673,-0.7734542489051819
0.95278000831604,-0.5999908447265625
0.9527798295021057,-0.6536914706230164
0.9527797698974609,-0.7044087648391724
0.9527795910835266,-0.5597153306007385
0.9527425765991211,-0.6924752593040466
0.9527797698974609,-0.6014825105667114
0.9527795910835266,-0.6104326248168945
0.9527425765991211,-0.5805989503860474
1.183021903038025,-0.5582752823829651
1.1830497980117798,-0.4559934437274933
1.0306763648986816,-0.5604061484336853
1.0306764841079712,-0.5833028554916382
1.0307029485702515,-0.5611216425895691
1.0306766033172607,-0.5511043071746826
1.030702829360962,-0.5833028554916382
1.0306763648986816,-0.5847339034080505
1.0306764841079712,-0.5836606025695801
1.140881061553955,-0.4544893205165863
1.140881061553955,-0.4650183320045471
1.1408898830413818,-0.45749759674072266
1.1408859491348267,-0.4319271445274353
1.1408900022506714,-0.5688043236732483
1.1408900022506714,-0.5673002004623413
1.1089437007904053,-0.5725709795951843
1.1089439392089844,-0.564696192741394
1.1089447736740112,-0.550071656703949
1.1089450120925903,-0.573695957660675
1.1088931560516357,-0.5568214654922485
1.0941356420516968,-0.4634493589401245
1.0941370725631714,-0.5466967821121216
1.0941859483718872,-0.46569928526878357
1.0941356420516968,-0.5376970767974854
1.0941845178604126,-0.5545715093612671
0.8718969225883484,-0.706153154373169
0.8718969225883484,-0.6999582648277283
0.8718604445457458,-0.5872118473052979
0.8718969225883484,-0.706153154373169
0.8718969225883484,-0.603318452835083
0.8718604445457458,-0.7049141526222229
1.1671767234802246,-0.5673002004623413
0.8718903064727783,-0.6528773307800293
0.8718903064727783,-0.650399386882782
0.8718538284301758,-0.6528773307800293
0.6128362417221069,-0.7355107069015503
0.6128361225128174,-0.7561403512954712
0.6128409504890442,-0.7553902268409729
0.6128360629081726,-0.7403868436813354
0.6128359436988831,-0.7583909034729004
0.6128407120704651,-0.7512642741203308
0.612820029258728,-0.728759229183197
0.6128199100494385,-0.722757875919342
0.6128246784210205,-0.737386167049408
0.7644097805023193,-0.7044389843940735
0.7644097805023193,-0.6205785870552063
0.7644045352935791,-0.7747734785079956
0.7644073963165283,-0.7666579484939575
0.7644073963165283,-0.8532235026359558
0.7644021511077881,-0.6422199606895447
0.7644097805023193,-0.6259889006614685
0.7644097805023193,-0.7206699848175049
0.7644045352935791,-0.7071441411972046
0.6253885626792908,-0.6475058197975159
0.6253767609596252,-0.757127583026886
0.6253765821456909,-0.724474310874939
0.6253714561462402,-0.7664571404457092
0.6253596544265747,-0.7408009767532349
0.6253594756126404,-0.7408009767532349
0.6253679394721985,-0.768789529800415
0.625356137752533,-0.7594599723815918
0.6253559589385986,-0.7034829258918762
0.570176899433136,-0.7568905353546143
0.570176899433136,-0.7362608909606934
0.5701810121536255,-0.7392615675926208
0.5701769590377808,-0.7396366596221924
0.5701769590377808,-0.7565154433250427
0.5701810121536255,-0.7572656273841858
0.5701727867126465,-0.7561403512954712
0.5701727867126465,-0.7403868436813354
0.5701768398284912,-0.7332602143287659
1.328672170639038,-0.40686941146850586
1.2034664154052734,-0.4212980270385742
0.8523500561714172,-0.651638388633728
0.8523499369621277,-0.6528773307800293
0.8523497581481934,-0.697480320930481
0.8523498177528381,-0.5958846211433411
0.8523496985435486,-0.65907222032547
0.8523495197296143,-0.5934066772460938
0.8523500561714172,-0.6528773307800293
0.8523499369621277,-0.651638388633728
0.8523497581481934,-0.603318452835083
1.2883422374725342,-0.38295480608940125
1.2375333309173584,-0.3841056823730469
1.0702685117721558,-0.5714460015296936
1.070299744606018,-0.5433219075202942
1.070275902748108,-0.5489466786384583
1.0703070163726807,-0.5534465909004211
1.0703070163726807,-0.550071656703949
1.070275902748108,-0.46457430720329285
1.0703070163726807,-0.5568214654922485
1.0703070163726807,-0.5489466786384583
1.0716044902801514,-0.46569928526878357
1.071588397026062,-0.574820876121521
1.0715886354446411,-0.5433219075202942
1.0716044902801514,-0.5680711269378662
1.071588397026062,-0.5714460015296936
1.0715886354446411,-0.5691961050033569
1.071580171585083,-0.47244906425476074
1.0715640783309937,-0.5444468259811401
1.0715643167495728,-0.5669461488723755
1.1777265071868896,-0.574820876121521
1.1777522563934326,-0.4710349142551422
1.1777786016464233,-0.45749759674072266
1.0867486000061035,-0.5691961050033569
1.086744785308838,-0.5523216128349304
1.086748480796814,-0.574820876121521
1.086744785308838,-0.573695957660675
1.086747407913208,-0.4701991379261017
1.086743712425232,-0.4668242335319519
1.032181739807129,-0.5503888130187988
1.0322057008743286,-0.5596905946731567
1.0322058200836182,-0.5843761563301086
1.032181978225708,-0.558975100517273
1.0322059392929077,-0.5836606025695801
1.0322060585021973,-0.5629104375839233
1.0321768522262573,-0.5829451084136963
1.032200813293457,-0.552535355091095
1.0322010517120361,-0.5582595467567444
0.7635094523429871,-0.6894886493682861
0.7634595632553101,-0.6848238706588745
0.7634594440460205,-0.6661648750305176
0.7635094523429871,-0.6988181471824646
0.7634595632553101,-0.7338038086891174
0.7634594440460205,-0.6358439326286316
0.7635118961334229,-0.7431333661079407
0.7634620070457458,-0.850422739982605
0.7634618878364563,-0.6988181471824646
0.7886982560157776,-0.6530406475067139
0.7887104153633118,-0.8640442490577698
0.7887104153633118,-0.7017337679862976
0.7886980175971985,-0.7044389843940735
0.7887101769447327,-0.6638613343238831
0.7887102365493774,-0.7828890085220337
0.7887068390846252,-0.6043475270271301
0.7887189984321594,-0.6449251174926758
0.7887190580368042,-0.7774786353111267
1.1083438396453857,-0.5635712742805481
1.1083439588546753,-0.5534465909004211
1.1083952188491821,-0.5455718040466309
1.1083892583847046,-0.5658211708068848
