pair cog distance kmc [A], pair cog distance kmc [A], pair nad distance [A], pair nad distance [A], Vc (QP) [eV], d-m corr [eV], total Vc [eV]
7.9466791158933985,7.9466791158933985,2.233022391289443,2.233022391289443,-0.8611925499899371,0.2818416223226288,-0.5793509276673083
10.322054833530771,10.322054833530771,2.1448717910402055,2.1448717910402055,-0.8555001999920933,0.2786719408212879,-0.5768282591708054
11.977775948497358,11.977775948497358,2.667520946496947,2.667520946496947,-0.7475040500576142,0.2760999826663574,-0.47140406739125684
7.57393619326543,7.57393619326543,2.4809074952524877,2.4809074952524877,-0.9910519999793905,0.28237876878692564,-0.7086732311924648
6.942405494024624,6.942405494024624,2.3128194914432982,2.3128194914432982,-0.9650295000283222,0.2830077495011418,-0.6820217505271804
12.705833309827822,12.705833309827822,2.011075582866045,2.011075582866045,-0.7719891000670032,0.2749084084709011,-0.4970806915961021
15.963804319323973,15.963804319323973,2.5142229415865214,2.5142229415865214,-0.6801854999539501,0.26907746294767554,-0.4111080370062745
8.849319052198055,8.849319052198055,2.2525208101147545,2.2525208101147545,-0.827386299992213,0.2807634145507217,-0.5466228854414914
8.028808881918685,8.028808881918685,2.3301399099624915,2.3301399099624915,-0.872759549987677,0.28174136297720315,-0.5910181870104738
9.413650377178548,9.413650377178548,2.0823095351076097,2.0823095351076097,-0.9016623999632429,0.2799677773990316,-0.6216946225642113
14.689622677030322,14.689622677030322,2.0115648137706215,2.0115648137706215,-0.6975032500304224,0.2714521614564905,-0.42605108857393187
16.672486497909343,16.672486497909343,6.418985122275934,6.418985122275934,-0.5703531499748351,0.2677191923889359,-0.3026339575858992
10.726369594494738,10.726369594494738,1.985356391180186,1.985356391180186,-0.7052386500035936,0.27806684060766934,-0.4271718093959243
10.082441953498348,10.082441953498348,2.025402182283806,2.025402182283806,-0.8287764999040519,0.2790222010259788,-0.549754298878073
8.29822274947836,8.29822274947836,2.0079868027454673,2.0079868027454673,-0.919113149990153,0.28140707630799655,-0.6377060736821565
9.711970818624316,9.711970818624316,1.9031600037831735,1.9031600037831735,-0.8679378000269935,0.27955176967770295,-0.5883860303492905
7.374982689658347,7.374982689658347,1.9547613665099872,1.9547613665099872,-0.9107487999172008,0.2825684638455736,-0.6281803360716272
20.748529181225575,20.748529181225575,9.983610068507286,9.983610068507286,-0.5386929500054976,0.25931716769953334,-0.2793757823059642
19.468438509618817,19.468438509618817,6.042635269483007,6.042635269483007,-0.5235889500036137,0.2620500094932694,-0.2615389405103443
19.073628500298966,19.073628500298966,9.960063503813622,9.960063503813622,-0.5132670999955735,0.26287984195146036,-0.25038725804411316
8.53039417776365,8.53039417776365,2.12585300526636,2.12585300526636,-0.8732191500384943,0.28111250801035215,-0.5921066420281421
15.158145894625731,15.158145894625731,2.3280212627894876,2.3280212627894876,-0.6994144499803951,0.27060161765319163,-0.4288128323272035
15.330073661351529,15.330073661351529,3.19800844276559,3.19800844276559,-0.6283374499507772,0.2702820884562989,-0.3580553614944783
27.822651090819747,27.822651090819747,19.68380324022774,19.68380324022774,-0.4109591499691305,0.2428887543634049,-0.16807039560572562
13.650684691976657,13.650684691976657,2.116601757534932,2.116601757534932,-0.7101225999758753,0.2732954403499699,-0.43682715962590546
24.32480883470172,24.32480883470172,13.072945536488708,13.072945536488708,-0.49127179995412007,0.25126720005397934,-0.24000459990014072
11.087179267484348,11.087179267484348,2.302489522234575,2.302489522234575,-0.7469504000036977,0.27750234280485814,-0.4694480571988396
25.373321875536785,25.373321875536785,12.682034970776568,12.682034970776568,-0.5085998499962443,0.2488058743106213,-0.259793975685623
12.587870632334678,12.587870632334678,2.103403432534991,2.103403432534991,-0.7481862998793076,0.275104920141623,-0.4730813797376846
7.150395278622403,7.150395278622403,2.166145193656234,2.166145193656234,-0.8256138999968243,0.2827757647942863,-0.542838135202538
